1000 5000
837 726 3716
629 658 4587
570 550 4275
712 714 600
480 413 2921
458 300 260
6 731 1444
882 261 2705
908 958 634
198 377 2378
221 385 4522
458 372 1555
86 974 2143
524 239 1008
522 185 1366
249 27 2499
246 614 480
712 174 1220
546 880 3951
737 563 2182
596 744 4006
193 502 3527
389 742 3754
181 305 2428
234 778 4885
753 317 313
160 498 1815
965 513 2199
620 184 428
292 616 3204
274 484 4710
357 956 2221
629 231 479
304 844 3223
765 403 3883
455 7 2554
700 495 3188
893 588 4399
198 328 4399
30 221 482
926 953 1276
149 660 1313
728 491 3073
445 727 670
468 938 691
150 486 3691
981 37 684
560 466 3373
135 479 899
453 189 2340
77 982 3329
681 634 3629
43 306 4150
381 176 2761
388 857 1016
509 869 1225
41 35 1546
57 280 2618
583 37 2290
97 498 3222
985 971 841
495 461 3133
694 949 2034
215 658 3721
79 181 3872
782 589 4433
327 74 589
286 239 4556
347 478 2943
953 246 2870
561 223 4111
537 387 2465
871 367 2450
220 749 235
984 117 4407
519 276 990
60 321 1759
231 31 2280
25 33 4140
779 670 4354
838 449 3849
89 263 1014
725 468 201
565 968 3702
705 883 2507
903 800 3180
26 57 3279
9 643 736
227 452 2512
125 85 2611
239 236 1522
62 623 357
251 323 2897
364 782 2876
664 257 693
330 360 1118
305 424 3728
790 558 2289
210 51 857
908 521 4556
327 97 4956
270 386 1626
80 23 4491
699 519 3902
727 857 1541
284 651 3233
759 712 2413
54 416 2163
686 193 1258
983 223 1952
438 644 2592
851 437 2755
241 883 1608
283 468 3153
506 87 455
12 525 555
63 533 4406
437 542 4919
767 559 151
238 507 986
87 812 1766
686 835 372
346 960 901
845 218 4301
667 786 1453
549 68 2642
831 409 1391
525 903 2346
195 137 3077
928 461 4542
102 583 3927
938 430 2067
158 191 2650
268 160 2754
162 249 1380
411 921 2450
406 261 204
387 335 3610
484 556 1523
642 710 2628
178 572 220
414 688 178
197 863 4358
15 880 1601
161 471 3498
339 461 1654
778 194 2219
398 961 2291
373 183 3061
617 3 3714
428 259 1471
895 957 2797
150 619 332
338 986 4660
624 905 132
413 841 2935
952 542 1484
416 774 2703
427 85 3992
225 900 4447
495 750 1993
668 669 1465
425 590 119
743 934 2626
673 242 4034
627 457 3407
800 708 4778
402 209 939
515 748 1063
754 47 1119
400 992 3945
324 181 3547
216 576 4798
556 17 31
93 826 3615
113 655 3018
574 388 2038
433 784 325
567 435 2469
780 91 1342
507 633 1811
170 590 366
176 572 169
274 960 4938
872 400 738
90 418 3988
759 134 2230
646 445 1233
212 417 4782
663 396 3930
341 180 3055
685 50 2403
179 720 980
426 131 1473
109 751 296
604 233 23
943 441 3
51 132 3032
104 121 4381
463 774 1842
592 510 3247
945 229 2496
178 500 2967
891 244 2640
255 735 3495
233 770 182
574 188 4771
814 729 3776
920 370 1789
917 104 3261
168 826 3724
734 428 3396
577 859 4109
311 375 4043
836 59 4939
431 637 1354
101 477 3713
894 596 547
713 240 3525
714 677 4661
789 642 1564
705 863 27
44 807 69
762 592 304
384 760 348
258 457 2735
818 883 867
321 151 4076
890 548 3805
501 546 2214
76 424 1813
523 857 4504
99 228 4619
465 905 388
530 857 2956
816 780 881
832 984 4935
757 548 1600
905 518 4161
160 848 818
31 641 510
551 666 2703
614 216 4049
747 412 2398
774 13 2997
514 239 1209
46 263 3102
96 581 2323
148 193 2024
39 335 2978
182 183 351
159 115 4706
108 88 4397
286 142 2532
896 294 682
376 309 181
406 604 843
92 838 2635
950 633 2088
605 975 624
512 35 3808
495 561 1601
532 536 625
37 242 3443
429 140 2316
456 682 2195
136 207 3289
787 293 3039
27 899 2863
1 918 1389
4 135 4515
719 602 727
202 449 2465
735 376 106
207 285 2588
524 411 3314
603 351 2170
810 29 3926
104 713 1674
522 230 1071
255 148 3872
987 339 4672
828 522 661
45 261 1647
673 805 433
870 401 810
377 648 3006
46 298 401
5 318 249
32 123 4468
643 946 1455
152 155 1531
50 246 1269
578 11 208
710 57 1299
830 257 589
133 976 4440
935 360 4534
181 989 4422
939 287 2138
696 695 1142
555 417 3948
914 40 3791
195 128 1961
122 602 654
742 489 4447
917 544 3493
984 721 441
112 537 4909
719 329 397
426 616 2367
103 800 460
52 734 2264
612 201 470
589 113 4647
117 549 1790
996 712 2480
249 848 4832
784 629 4313
124 735 46
333 916 4548
823 206 1818
73 133 848
107 833 220
592 166 4259
15 232 1580
204 804 4009
326 774 1972
229 23 65
863 787 2701
816 12 4587
161 657 2226
543 766 988
109 387 2045
256 216 1342
354 570 919
944 164 118
18 381 2845
56 337 299
264 333 3027
893 643 148
321 227 2812
242 165 3284
991 357 764
404 600 640
656 560 3891
136 949 1885
103 873 4158
436 369 3467
935 892 2396
373 446 3802
796 804 67
773 976 3998
615 177 3646
78 875 3850
830 314 2837
538 953 2043
164 62 2628
190 345 3092
244 744 1570
891 56 302
71 468 1744
465 148 3632
20 461 3912
583 607 4273
301 606 3513
312 328 1216
31 688 873
745 687 3560
420 781 4405
598 842 3248
948 865 1881
154 150 1409
952 548 35
978 1000 2763
10 971 1358
567 952 4480
809 248 440
342 318 4191
178 985 2639
363 512 905
1000 212 1366
678 755 2603
843 536 3288
103 97 2591
665 476 4200
76 844 1199
664 366 1549
63 872 2931
339 79 865
266 928 4812
672 665 2462
225 181 2232
30 257 2621
521 635 3645
765 985 2754
305 195 2454
101 122 1784
713 23 4389
192 17 4735
1000 284 725
909 304 214
793 601 1962
371 699 3833
806 408 2332
204 619 3228
105 976 2762
743 563 4561
260 951 233
94 682 2605
654 875 1692
734 639 3305
223 517 195
772 457 2975
893 427 3770
116 973 3245
257 135 821
942 589 871
146 151 3637
402 380 620
657 132 893
947 827 3866
850 479 128
763 575 3439
29 685 3902
622 365 3279
647 780 561
932 910 3642
117 536 4338
731 949 353
444 166 996
870 406 593
644 89 2859
155 686 41
625 222 1610
13 308 3973
146 178 2211
461 505 1380
752 629 2706
678 61 4567
597 622 850
478 629 1553
184 805 598
845 977 4324
545 632 1856
603 546 3519
329 551 2824
829 1 2042
404 738 2386
516 734 3572
409 437 2453
748 749 3730
118 579 2249
347 888 2040
245 681 4161
37 595 4631
263 488 400
134 421 876
475 949 3093
200 612 2486
899 655 2158
673 609 1085
376 69 871
160 248 1175
308 263 4412
168 248 2870
348 146 2368
108 932 1179
246 397 2160
900 468 4085
166 17 3946
600 241 743
384 939 251
339 513 4901
316 195 427
100 841 1584
632 50 3760
869 599 4893
418 662 3908
494 821 263
871 809 789
869 639 895
487 173 2247
692 258 4423
327 935 1205
461 280 4163
876 428 1728
310 620 1341
585 694 551
494 875 4556
374 647 3265
1 626 3456
843 376 4960
430 893 3140
733 27 3540
526 245 3314
249 455 4104
898 965 4668
652 644 492
869 898 2589
258 335 3411
183 350 999
947 873 4764
125 655 2097
358 671 3861
388 343 16
939 198 707
774 229 2533
566 833 1667
507 776 1825
177 49 3632
224 873 4829
148 46 2199
655 990 2878
206 432 1466
141 81 1731
404 326 1555
1000 826 1306
286 296 4571
764 628 1281
810 967 1377
269 294 1608
983 673 1413
449 186 3975
757 235 1914
834 26 1813
859 249 2692
730 413 2320
187 639 4389
171 165 2316
33 822 1085
659 304 1898
574 746 618
767 423 2914
815 384 2598
236 166 1741
951 379 4143
817 245 2947
908 262 4816
585 605 107
810 918 922
403 438 4109
277 144 530
499 981 602
417 169 4823
636 757 1548
894 653 799
981 394 175
316 58 4979
164 783 678
603 847 3594
882 369 1267
449 995 4177
205 135 1840
910 428 1184
637 450 3026
920 641 2844
901 39 1928
987 694 3942
434 314 2074
538 281 1461
450 297 2981
417 917 3724
355 100 521
202 717 255
133 694 149
843 716 4586
214 952 1267
987 646 3457
386 6 3958
352 738 3905
469 827 3803
299 954 292
542 216 4902
743 898 67
94 440 1551
23 384 1141
747 99 375
382 37 2551
549 535 4137
345 305 507
713 678 1246
147 86 4935
46 676 1595
711 490 3980
150 205 1507
500 143 1772
112 507 2851
229 176 2156
511 164 2214
932 771 2604
62 818 2168
109 636 784
143 392 4208
774 931 2369
288 471 1436
693 743 3914
15 211 3624
526 717 2558
938 499 835
521 543 4508
567 223 296
365 506 205
579 446 1371
818 691 2593
629 710 199
717 943 1867
385 699 1821
542 460 1297
332 761 4816
6 455 3496
396 463 186
313 885 2829
359 543 883
519 239 584
400 925 3362
428 420 92
126 432 546
368 883 2911
399 373 1713
356 762 1612
496 369 3159
166 871 380
175 110 1299
173 447 3252
761 906 3829
271 768 3220
464 761 874
144 730 1073
943 222 396
641 988 4738
657 304 3549
2 704 4895
936 154 657
549 583 1493
51 477 1588
463 291 4066
158 793 3822
697 897 786
582 678 194
174 189 2476
839 70 1774
302 308 2562
523 905 1451
589 557 3448
446 378 2524
974 746 2767
458 804 1142
432 81 2248
334 864 1412
866 79 2650
941 992 1668
517 797 4164
248 127 1386
978 299 4208
628 382 569
395 20 1803
994 880 51
117 627 4093
643 241 3859
963 757 3566
467 247 4281
155 577 1816
914 478 4922
807 16 2562
13 870 2418
472 513 1089
700 25 4255
105 320 534
651 536 1891
67 53 2536
722 377 2864
583 619 3365
660 778 1834
847 596 3687
145 446 2082
853 649 4525
734 688 1938
657 263 2866
97 545 3616
178 954 2224
310 670 2474
546 460 117
928 3 2492
543 19 1274
415 949 1352
79 110 2414
183 442 4028
669 914 3108
401 472 4138
487 541 2812
266 113 1439
334 8 576
165 775 230
620 211 3639
86 911 4568
5 391 2582
191 635 2707
740 207 3393
559 730 194
698 452 709
419 819 4431
329 694 3060
216 108 3429
824 55 852
59 990 331
184 150 3582
231 902 2257
329 737 571
79 480 2724
62 125 1962
496 691 1872
819 613 2765
534 369 3548
1 354 2216
768 208 3289
740 107 3368
205 244 344
997 42 3022
357 874 4291
515 481 2576
950 965 2731
293 142 512
757 735 2382
56 75 4712
100 30 3260
708 371 4750
685 33 2280
367 765 3137
732 762 99
395 946 2812
643 856 1255
968 838 2888
262 187 3762
573 545 2463
766 263 4595
186 127 3866
476 160 4050
593 171 2806
660 480 942
88 733 3450
826 963 4083
271 420 294
660 99 1639
204 124 886
127 138 4737
558 688 1394
550 333 1419
258 77 2686
547 994 715
917 348 986
40 573 2453
151 329 1582
786 756 2758
183 429 1642
987 468 2552
403 726 397
432 274 1754
212 984 1086
750 357 259
516 865 2310
845 218 4619
285 538 372
881 594 2541
724 198 3789
771 222 35
774 553 545
444 473 2009
581 957 2302
223 866 3990
859 386 2464
761 86 2059
443 421 683
109 615 279
20 917 32
968 401 1587
339 341 1803
79 735 1521
514 687 1180
346 571 266
330 656 4354
927 385 3185
606 662 416
952 980 3180
255 90 1310
155 599 1522
310 162 3962
45 760 1069
797 601 2175
504 205 3625
275 659 3815
457 939 343
611 678 2450
379 324 3275
688 390 4335
720 66 715
318 196 4183
564 247 4003
797 644 4034
851 987 958
153 687 2024
252 572 2600
269 660 4204
382 550 4391
554 833 1604
321 190 1711
163 600 806
858 77 3958
928 146 5
95 274 4134
435 710 3414
675 970 4239
428 446 3086
858 873 1305
488 136 2890
413 847 1847
901 188 608
250 901 1616
329 7 776
466 59 4774
367 980 2478
758 558 2920
465 523 496
512 379 1246
901 441 2951
52 518 1754
158 46 2350
521 86 699
414 135 1027
280 83 2017
89 658 1050
259 829 836
438 719 3169
459 557 1544
311 689 2985
50 633 2209
893 33 1207
647 104 540
142 436 3641
834 615 4471
605 673 1483
448 755 2021
91 414 2712
42 113 1000
871 454 4249
341 344 923
571 137 4142
573 470 3470
623 535 3133
367 118 4311
633 689 1467
539 972 2601
625 319 1091
889 38 1520
631 849 619
752 588 4623
634 187 868
994 130 3264
750 811 1537
396 167 2900
219 729 2563
351 756 2726
986 188 4944
467 567 4514
899 780 2376
845 293 1701
745 464 2081
974 23 2507
940 333 4604
293 115 61
53 74 1489
305 582 2949
392 852 2661
353 64 1081
290 822 4770
862 906 4774
293 560 564
934 264 4025
752 946 4605
651 225 2169
814 835 2972
979 667 4560
580 771 429
928 501 3975
90 715 685
81 852 1369
811 197 3902
852 24 1233
914 508 297
507 71 1390
721 357 631
136 213 4822
23 794 990
929 561 3146
945 506 462
876 616 3432
233 317 2253
816 300 400
604 113 306
881 104 4908
23 614 4258
957 113 1403
574 145 4766
207 628 3858
315 866 2540
433 443 1423
39 23 3059
304 19 274
332 588 2637
223 529 4888
278 595 3334
229 32 8
401 585 1254
964 243 4835
804 874 3132
120 876 1577
132 134 3516
79 408 10
864 502 3690
778 989 4782
845 948 4071
769 374 2236
134 491 3378
750 823 1689
120 856 4789
726 299 3124
4 635 2042
949 634 4742
992 340 4145
958 523 4720
583 293 4789
180 420 3452
13 466 2217
662 330 3525
275 730 3047
307 639 4605
252 923 2783
186 715 4610
386 704 4901
752 981 3234
13 698 2895
279 537 3931
286 795 155
956 586 1459
402 535 2841
540 198 1287
673 529 3361
211 490 4645
357 257 4729
649 690 52
531 220 255
634 28 3077
922 612 3757
363 726 1121
717 14 2368
461 527 2517
655 780 3630
247 736 2572
94 280 1053
287 659 1932
960 344 3667
725 721 4886
955 564 970
726 210 4275
327 587 1721
151 196 3220
75 124 70
742 352 3934
315 791 2094
283 361 1416
579 619 2622
269 320 952
64 763 2183
501 194 3864
727 10 746
543 664 4562
63 462 799
169 773 1516
521 254 444
587 895 677
990 333 4587
816 579 2470
214 25 4101
589 301 4102
338 394 2428
745 631 4278
6 629 202
710 779 1810
316 142 1771
482 378 2539
28 360 790
18 204 4202
849 617 2403
447 542 873
423 781 4297
592 107 4001
461 847 2827
730 345 2880
783 840 4801
247 582 1301
10 957 2913
500 980 4601
138 117 1863
903 955 3978
365 757 935
243 140 231
745 154 484
606 122 1373
793 167 3000
885 791 2876
958 241 2021
541 874 3192
31 320 706
628 530 1073
592 730 1588
875 976 3249
445 680 1354
315 482 458
738 873 1096
152 964 1168
566 854 3052
216 769 833
976 244 4247
173 397 4857
995 239 673
930 523 1874
731 633 1834
602 743 3047
919 760 710
726 984 2192
790 70 4833
319 387 266
72 703 3649
789 524 607
784 152 4880
151 968 3354
267 833 1934
952 517 4177
532 48 4977
523 824 1980
696 704 2746
894 196 860
95 443 1275
588 837 1733
792 52 1359
158 431 1964
538 210 4843
91 300 14
523 412 1617
345 326 1558
920 578 1505
124 930 2143
719 541 2504
490 883 4165
457 284 806
544 141 2375
501 778 838
784 551 1297
55 407 3420
259 606 83
53 708 3434
955 754 4213
144 757 2454
894 669 1797
860 869 4749
510 298 87
277 740 632
493 669 1679
739 16 1388
796 671 2446
705 806 689
572 713 2720
268 691 383
46 821 1255
477 484 4703
990 886 1870
128 1000 3865
36 211 152
275 711 4083
902 834 1837
84 256 2497
515 259 4761
529 943 1735
714 148 2848
629 161 4207
134 739 4312
111 47 2316
60 654 2109
328 362 689
96 866 3461
612 992 2208
747 648 2574
990 789 3647
25 798 2598
245 294 2415
899 878 2038
199 13 2094
431 492 3451
343 496 2465
320 995 345
526 272 90
503 753 1845
463 684 1547
561 47 3495
236 999 1687
364 849 755
687 747 2114
923 54 2426
209 43 3968
848 997 2405
611 233 2524
339 146 262
496 202 2008
377 33 396
275 232 2632
457 788 2417
161 852 665
6 550 3114
467 550 4785
481 462 1820
132 839 2291
826 828 2439
353 804 4126
3 748 1240
707 666 4654
104 532 1068
846 288 3094
398 771 3469
305 488 835
656 420 4251
216 869 1497
545 346 1231
914 907 3415
57 348 2014
894 458 3409
667 88 4922
954 755 8
744 816 3040
45 985 3857
780 837 1553
513 471 4765
272 189 4394
242 993 4774
731 420 313
590 500 208
659 521 1311
912 846 589
801 248 3243
563 156 3431
216 573 3010
172 488 3917
630 638 4442
33 153 1442
37 454 1518
966 162 1718
179 483 2826
420 483 2111
80 572 1174
586 28 3097
520 887 2050
394 206 396
769 514 791
95 371 2161
760 818 4475
39 935 163
698 78 963
903 47 1825
129 717 1722
772 649 4132
722 146 471
376 549 3599
704 122 2355
833 211 4471
710 388 1319
753 887 137
773 848 47
895 653 4816
497 946 729
392 713 310
251 17 1511
554 27 248
670 497 4808
690 77 2344
700 566 4249
542 969 448
507 575 435
876 682 2000
107 821 634
961 719 1256
633 39 2301
458 553 2425
529 377 77
769 799 633
690 789 589
453 881 4433
772 130 4540
47 710 3719
226 770 1761
585 659 3740
325 589 3790
899 856 1578
778 152 160
702 88 2779
521 495 2264
737 831 1422
352 769 4517
311 562 4844
226 469 3766
867 189 1129
899 421 2699
169 360 4811
919 351 4427
240 519 2908
526 818 1613
678 215 4089
178 406 3991
869 973 2581
883 912 3141
242 349 4139
601 194 2922
170 264 3523
235 556 4968
572 584 774
448 864 23
503 924 675
283 685 2616
729 879 1600
837 235 1378
160 527 354
697 749 2547
852 647 3562
156 906 2893
7 344 4139
728 961 130
90 618 4452
500 698 4200
104 75 3538
952 636 388
972 114 4288
450 565 4879
586 964 4874
281 640 1108
669 916 4884
972 362 4689
963 634 4395
738 230 2129
839 244 1177
153 933 2758
148 415 384
222 72 2269
264 443 1776
696 194 40
734 949 1623
614 252 3688
930 56 4767
438 590 1230
293 563 3921
517 690 2286
867 606 2496
428 246 3734
915 553 3692
192 617 4823
737 347 4858
128 179 977
695 105 110
332 126 925
801 218 1147
667 172 2643
896 791 4396
213 406 396
145 553 1326
636 30 1435
131 18 1051
700 957 669
356 109 2936
723 161 1551
916 475 4510
513 935 123
301 492 1488
81 165 2045
444 797 2369
450 479 202
807 844 4631
334 340 2830
351 710 4461
755 453 2413
116 890 2958
723 337 988
761 190 4203
534 949 2000
315 974 4263
1 432 3606
856 902 2478
45 941 2925
927 78 894
113 999 4625
261 387 987
990 246 1771
141 104 2544
958 285 4793
847 771 4923
399 622 4371
893 173 203
41 305 4424
976 255 3396
618 308 4237
660 194 848
700 718 2527
67 90 405
851 868 500
9 504 3134
713 964 3523
749 113 1320
904 749 773
542 798 3504
979 850 3155
563 124 2755
432 529 1854
600 454 3593
893 433 3455
995 531 2394
888 493 605
490 190 126
459 532 4019
143 253 2806
154 257 1790
926 841 4092
279 735 60
391 230 2538
742 113 569
845 485 27
293 333 2178
6 911 3936
334 172 2212
328 182 402
56 605 1176
287 763 4382
677 747 3885
983 331 2116
950 999 1688
464 399 2654
8 470 2691
330 503 3387
401 971 738
982 681 453
96 779 2030
341 84 1971
545 866 3903
691 941 116
983 48 3860
976 563 3545
839 752 4665
13 876 333
233 938 3397
311 295 549
387 441 1789
944 766 1431
669 910 882
895 851 3805
392 67 916
6 698 1500
269 567 2746
457 9 4364
342 539 4583
733 819 2066
562 608 2181
219 5 26
602 228 1961
393 494 2984
851 988 901
764 977 780
897 365 3058
162 730 3651
264 148 2265
680 931 1446
331 906 4641
761 311 2793
410 656 700
349 380 1920
389 693 1754
366 322 269
694 848 4806
187 250 454
47 245 1361
453 768 1364
939 789 3194
202 160 3148
888 750 4221
274 705 1918
232 907 3568
576 309 1849
823 218 2696
882 879 1648
425 641 2404
954 851 1330
156 593 2278
699 672 3369
651 523 2606
989 49 1874
966 12 3925
318 584 4147
62 559 3556
412 188 1424
254 336 2757
603 819 1443
691 582 2085
899 745 1209
284 32 3592
860 602 2332
639 284 1032
444 126 3550
554 330 1643
534 299 4296
183 507 4973
298 530 48
606 407 3854
957 6 336
476 133 3186
556 26 2242
979 444 2945
159 510 4029
577 64 513
372 862 1432
2 494 3848
794 349 2191
707 646 95
351 20 2782
69 37 4865
122 356 1485
729 476 4649
110 404 3443
805 111 4387
245 34 2085
869 642 3802
302 83 1943
877 663 2393
697 506 3663
617 188 616
948 283 2962
879 159 2823
984 410 1796
981 224 417
245 667 2606
365 939 1764
681 313 1164
320 569 4168
260 100 1054
667 279 938
787 184 2527
958 946 4085
268 197 1001
660 739 2315
701 957 1035
162 398 212
32 839 457
730 741 4692
912 781 1607
716 86 1124
632 891 1120
330 648 198
992 400 175
180 300 4531
711 907 4157
534 219 307
592 794 1984
471 775 577
82 151 3010
141 492 4598
205 575 829
394 119 4690
834 401 4457
794 405 2742
301 150 2651
742 619 1000
101 643 376
65 910 1868
609 210 4961
467 616 3336
609 640 1362
751 981 508
439 685 796
440 93 3052
970 808 3671
378 475 3241
317 302 2936
466 196 2298
894 320 1526
334 584 188
98 29 2114
530 818 4475
750 137 2056
402 130 1623
918 669 3854
644 257 2382
271 544 2600
707 112 517
397 377 3300
478 845 4262
672 711 4145
335 661 260
199 450 3583
167 262 3434
526 867 376
309 971 3398
603 960 2864
936 269 1372
870 525 4764
572 493 4964
428 944 4360
847 434 2949
770 509 250
905 409 100
803 149 3428
850 20 1463
799 828 2277
797 492 2125
198 906 1013
528 946 3162
949 832 3629
46 263 2705
145 47 200
799 513 579
232 798 4078
269 114 1810
284 273 3218
322 421 2858
158 587 2051
705 808 4025
629 784 3688
137 629 1692
657 380 412
499 171 2363
294 196 2149
566 10 3809
38 968 4558
73 297 4477
913 535 1908
917 23 2110
143 922 377
94 166 2314
26 945 920
100 310 2382
286 51 2231
82 538 2426
462 704 2985
988 66 1605
394 824 4386
566 485 4693
386 767 4969
878 176 3101
309 888 455
628 258 2017
5 41 551
882 267 1853
734 513 2289
525 394 3921
482 894 692
132 64 1215
92 219 2720
978 474 4479
488 341 2844
872 22 1681
428 678 4651
119 486 3307
884 283 174
552 721 1142
277 672 3306
494 974 308
649 827 2990
748 688 2470
248 970 3977
752 337 4511
141 447 1321
962 269 540
821 595 977
529 889 2070
391 574 2994
598 916 3822
595 965 3648
245 616 4395
927 62 4093
67 151 2475
671 143 387
206 664 309
326 941 2129
242 529 2696
257 683 1267
816 456 2139
287 155 2211
92 729 540
146 841 1741
342 749 167
798 866 3664
443 272 2261
578 884 781
366 462 356
207 56 354
38 29 826
264 396 1549
651 300 395
689 348 2518
597 352 3155
18 403 2330
114 576 4867
515 929 2364
425 374 4694
623 381 4319
95 759 3792
567 935 1256
296 148 1068
283 946 2021
145 739 3470
950 376 559
207 566 3939
618 774 971
508 51 1102
452 537 2094
753 98 3421
464 147 4970
702 717 4440
485 551 2671
168 160 4521
279 837 411
444 122 2321
614 198 548
322 515 2913
969 414 1036
158 650 3495
280 36 1577
262 70 1084
913 772 4447
152 417 1651
306 563 1708
39 296 2389
20 96 4981
267 609 2719
974 206 3200
737 585 2181
597 400 2555
692 58 1992
358 60 4305
106 921 1580
537 136 3707
27 103 182
895 627 3897
898 462 4054
622 172 4445
559 137 1394
350 343 4644
462 662 3555
827 506 2367
960 753 4823
170 988 3248
658 909 4679
572 38 2490
229 857 741
849 432 2169
853 704 4565
203 517 422
96 531 2034
431 149 4548
490 410 741
951 183 1320
975 318 2322
235 798 2209
292 615 4310
327 911 3090
676 398 1729
420 736 3101
938 206 3704
998 325 139
599 938 2942
524 403 1879
460 52 4513
941 662 56
99 419 3819
978 449 987
764 774 1675
740 642 2210
750 883 2291
757 358 2717
289 261 147
18 959 2969
350 371 2778
751 9 1311
576 960 366
223 956 897
9 65 939
183 762 399
20 982 2360
616 505 28
531 49 2471
67 429 89
472 659 1453
530 158 1184
389 467 1370
374 566 476
747 525 35
745 385 592
860 61 514
998 918 1995
92 974 2264
202 811 3456
161 169 3091
824 517 3522
662 939 1001
351 21 1893
319 561 2461
494 113 2131
989 478 723
379 240 362
539 561 2303
265 214 2448
562 56 621
214 75 2906
543 237 4352
179 334 3812
268 802 3765
18 625 3250
927 868 3068
152 563 3612
984 542 1194
46 57 4253
728 4 3932
606 851 1915
754 160 475
387 976 1678
37 176 1857
545 476 3397
668 130 2135
52 349 1969
484 111 4251
699 24 1091
287 896 1996
938 195 3586
553 757 1293
411 979 1977
424 640 4164
592 541 3889
562 327 1908
53 994 4451
478 286 4021
139 469 4157
979 522 4584
394 191 2014
481 94 2688
326 485 544
963 781 3849
488 323 53
333 195 4893
397 754 1323
727 464 4150
292 539 4458
7 766 4109
535 150 2507
702 196 2731
310 262 1087
671 762 128
609 902 3443
157 836 4793
270 622 2133
495 423 4624
296 467 2779
427 291 1907
597 734 3324
99 181 3797
821 333 3001
320 328 1046
598 315 3724
635 27 267
223 149 1262
914 214 56
269 182 186
925 415 1154
901 281 1315
960 664 4692
663 433 558
190 8 4973
3 118 332
252 756 4366
716 440 2228
858 865 2133
150 738 3821
218 598 3619
227 882 3784
66 320 3894
163 128 3044
150 817 1738
220 688 3791
279 512 2795
708 343 743
53 617 289
459 358 1579
772 443 3502
259 773 1359
554 507 169
234 368 143
433 75 235
588 456 4404
301 280 4948
927 918 4515
53 627 862
541 838 2538
984 646 2521
375 100 2233
587 48 609
200 382 947
202 657 61
450 572 1496
705 549 315
932 574 2798
495 450 2253
753 861 416
261 510 3398
423 254 4144
808 326 1081
348 112 1711
474 292 328
744 166 2433
751 986 2619
688 488 1330
730 730 4765
12 228 3074
94 461 3633
24 594 3135
988 655 1754
463 825 2125
945 589 2823
307 118 1955
679 796 1173
557 852 1892
705 557 1313
334 133 3839
312 320 644
880 199 4022
755 207 3711
611 116 303
209 105 403
460 617 1863
25 22 3834
593 496 3676
451 125 3539
465 980 3478
463 775 2655
261 98 3745
445 401 503
16 361 4852
200 16 250
672 469 4325
717 121 1329
832 736 4482
866 288 4757
378 502 129
896 241 1853
970 397 1324
16 161 4752
735 268 1402
501 873 508
931 855 37
359 298 3604
752 888 448
255 296 3772
706 187 4258
804 185 2555
685 863 2150
754 106 1830
11 889 866
732 409 4059
296 470 4764
325 547 4688
458 125 333
811 823 491
93 421 2987
722 960 916
762 297 1220
674 570 3436
984 143 304
338 939 2561
543 633 968
771 580 12
679 217 1989
461 134 2337
946 215 2383
607 931 4632
497 906 1731
441 835 476
685 209 1076
386 52 3216
590 802 3019
80 36 3411
656 88 598
541 554 2808
817 455 3502
367 797 1863
362 874 2219
469 963 1268
538 267 1411
829 105 2547
971 931 998
866 227 2251
296 810 3336
193 533 4911
785 184 717
779 900 2456
182 51 4052
759 935 167
720 852 3719
864 141 4557
212 789 4460
660 867 3748
278 94 3910
888 473 1665
9 948 1028
937 246 4705
879 275 2104
533 123 1444
335 820 32
285 43 417
78 704 2075
605 16 3768
215 414 3362
134 429 560
133 420 393
450 509 1755
829 697 814
249 725 1039
206 316 658
404 770 2451
151 67 2851
391 558 2908
306 414 657
790 30 768
17 192 3860
931 727 3121
993 826 913
279 172 3489
948 578 3000
907 281 996
666 38 1448
450 414 1464
776 74 4006
387 593 2143
613 449 4788
56 464 1144
230 975 4276
624 486 2305
390 651 2388
884 928 417
186 468 4048
908 430 3221
724 604 1530
136 11 256
232 111 3776
245 230 2962
130 506 3783
495 707 21
662 439 2735
387 544 3027
805 823 1918
379 31 207
402 470 904
938 825 2240
759 25 1628
655 650 3115
716 80 1527
613 530 4197
450 532 2440
192 872 294
942 59 1389
684 350 4554
736 78 2655
64 550 631
587 839 4084
56 333 2587
522 154 4411
611 401 3489
837 400 532
572 544 4920
279 984 3061
886 409 567
963 18 684
278 230 4872
319 146 270
348 775 4472
890 389 2108
335 734 4682
615 370 1206
763 851 3742
962 914 4201
295 916 1852
847 691 4734
527 482 3818
171 940 1505
141 848 1320
882 517 4008
526 79 1587
889 274 4418
102 77 1388
109 230 977
765 9 4751
413 964 3357
252 847 1209
803 797 2204
89 637 1784
566 405 2192
153 504 1055
871 112 4979
952 908 4451
791 352 636
540 924 4319
546 673 2257
745 255 4702
50 743 4195
155 250 345
143 717 2130
601 354 81
900 72 2710
802 53 2391
61 406 878
631 646 1774
994 224 3037
276 779 4906
373 433 3075
819 635 4971
196 501 2095
312 229 140
892 10 3971
451 237 3431
648 55 732
286 544 2469
113 599 205
78 901 76
538 631 3472
177 363 2778
938 851 2199
286 386 1213
481 194 3714
495 257 1356
643 676 3387
615 153 1656
444 984 3629
624 16 3717
928 487 888
581 850 3350
982 89 1190
324 730 753
597 755 2333
926 108 3153
368 936 902
152 491 3050
443 531 4865
619 884 2301
262 883 4418
890 36 4644
773 8 1765
53 849 2226
212 969 3849
867 919 139
811 687 469
925 971 761
112 37 1021
612 540 1353
654 463 1892
277 716 2429
114 882 572
901 610 293
717 495 1359
470 743 1229
412 40 1384
691 784 2361
175 413 3997
666 919 135
76 702 54
864 870 547
664 562 3716
267 274 3599
769 145 1163
823 183 2271
504 540 262
115 943 4401
628 317 1277
528 937 2299
474 804 237
230 125 1227
349 273 3640
721 96 1891
866 594 1396
325 262 4319
578 112 1679
934 991 2509
866 565 3000
893 58 640
483 781 957
482 944 2016
349 936 806
872 632 4843
712 799 4467
39 653 1769
525 281 3414
370 578 1863
446 182 828
299 710 3543
457 876 4791
534 463 1793
663 708 4191
172 813 4225
267 561 3276
890 767 3561
33 408 3732
485 856 4444
969 177 2766
865 842 1945
641 343 4394
713 863 4993
600 575 147
185 552 1016
921 492 3888
377 870 4766
513 348 648
404 320 1858
351 26 4769
513 868 4356
550 259 4906
818 738 4459
271 720 1333
391 372 1265
397 40 3642
439 135 4988
987 20 1469
79 675 1671
872 131 3170
161 692 2477
520 499 2254
976 466 2206
300 297 1218
486 889 1476
876 993 4593
404 902 2310
447 284 2647
683 264 2373
407 12 865
167 733 1879
286 914 853
400 564 778
599 630 4550
205 395 4668
8 564 1059
651 47 2389
416 971 697
26 238 1990
4 345 1200
50 16 628
51 599 2736
476 398 2533
329 218 1773
309 875 1332
765 924 292
787 176 1509
119 247 722
387 258 3482
362 907 2160
452 980 3143
385 794 3212
772 509 686
115 281 1524
99 916 1253
629 123 654
615 613 369
781 36 779
752 935 418
422 596 990
934 863 2425
835 735 2416
212 303 1481
569 214 2995
79 182 1602
318 354 311
835 551 2382
151 556 4981
780 416 2624
819 318 1955
788 584 2882
210 406 1125
926 189 1051
589 672 2235
407 709 4811
402 954 3567
957 565 4698
332 643 4402
214 213 755
953 550 364
491 881 2811
118 915 2558
696 224 4080
813 625 2739
43 452 2362
717 687 1320
835 429 884
566 786 4634
84 363 2600
904 343 1005
584 442 4542
912 425 3009
306 122 2135
109 527 2827
59 21 1826
586 294 1288
559 80 3691
846 180 3984
843 394 2868
455 167 1697
406 396 1723
962 781 1206
111 29 1827
123 806 959
993 921 424
575 411 1427
458 354 3708
778 114 4728
339 296 717
118 995 1512
937 74 1540
229 852 1745
593 660 2337
767 220 718
754 720 3826
254 270 425
333 875 4937
198 285 513
911 644 2436
742 399 4392
187 875 4705
166 977 31
676 767 3194
371 66 1720
984 226 941
796 214 2194
102 847 1017
687 513 291
95 185 2027
622 562 1070
413 181 2313
79 380 4838
343 651 1244
685 15 3811
699 732 3808
624 263 4862
578 906 1219
7 241 3902
493 236 3192
360 642 4082
711 251 4877
113 46 2893
10 855 2535
91 274 2041
594 27 4362
445 22 3433
978 595 3174
235 745 1556
914 984 1331
440 587 2024
9 937 2309
213 290 3086
284 964 93
951 490 1354
445 605 3565
993 648 2914
831 358 2613
473 259 2427
524 14 2758
882 520 4261
544 507 700
551 213 1883
297 215 1115
455 244 3582
855 541 1005
907 318 785
48 750 4410
176 481 2226
74 82 549
887 611 3062
249 147 1448
860 315 459
544 543 3154
87 427 4937
282 389 2477
873 152 4819
536 29 296
288 81 3462
128 402 2132
21 131 4197
276 756 1024
633 441 4428
136 653 1967
924 538 3573
33 295 4042
802 458 2741
713 540 4296
706 131 3465
696 560 3101
868 70 1632
68 953 819
762 106 1078
594 828 3973
929 406 4934
959 992 1658
983 638 415
423 585 1844
861 394 497
143 713 1513
667 613 1602
704 999 2932
68 759 507
868 464 876
958 277 3237
295 212 2549
118 18 1388
322 707 1238
193 573 577
987 723 2258
55 645 69
837 507 459
914 876 2492
656 559 1216
514 871 885
324 639 1240
402 136 2333
991 4 314
961 17 4625
177 276 3778
708 538 1323
339 102 2687
413 390 1960
200 368 2333
272 816 3854
996 477 3518
748 900 2471
503 288 2775
800 275 2834
511 1 627
788 585 4202
758 223 1364
266 27 1240
293 986 2530
409 415 1571
136 450 2555
839 967 638
331 226 1084
62 499 575
792 418 2681
858 2 4505
651 245 936
971 754 4022
143 937 3292
188 723 1129
209 153 3436
899 541 2443
325 479 563
759 60 3846
248 843 1235
826 23 2781
710 406 1852
937 29 1681
807 185 2674
924 677 3452
711 931 4503
779 874 2629
870 630 110
696 246 1015
906 840 4746
314 234 4950
494 163 3009
309 876 2740
463 848 812
332 538 3010
264 914 373
389 865 1400
475 489 2318
654 962 895
309 248 576
393 30 4785
309 792 2342
493 422 956
62 507 497
420 704 4826
727 529 3822
83 552 2572
301 297 4698
380 291 807
219 29 2126
68 733 1215
260 339 2079
494 660 649
822 569 2038
760 293 1347
292 401 2622
993 490 4035
345 51 2894
235 23 1066
866 7 239
388 254 3052
86 431 4834
131 124 3653
733 376 2902
291 427 2071
80 194 3464
809 947 1785
571 505 975
183 655 34
255 550 1908
595 133 1087
28 104 1097
590 107 2051
586 143 286
377 802 3978
287 269 3679
946 351 720
214 317 618
110 5 364
820 145 811
629 66 3960
110 578 2561
680 795 9
315 102 4989
989 601 941
667 597 4839
890 386 2136
971 806 3115
987 565 3989
710 943 3141
945 383 3598
301 336 3960
65 523 345
300 733 3983
901 457 1373
571 407 3010
909 270 3812
923 303 2369
530 501 1596
67 717 4647
896 584 87
410 256 590
287 185 1072
505 544 3744
676 170 2132
286 519 481
142 486 4547
60 67 3929
325 271 1449
562 380 2536
517 160 1362
31 775 3608
861 752 1078
822 989 2494
603 103 2725
531 282 4517
262 772 2874
36 907 2744
934 963 4714
4 616 761
355 511 3714
598 720 938
867 596 2746
258 960 2041
736 676 2851
749 539 2891
239 40 3855
265 186 3757
186 846 4162
398 255 2334
678 897 101
674 127 4645
97 12 2377
358 583 1307
161 190 1248
507 249 1171
524 299 1604
632 166 886
772 873 566
878 212 3799
492 369 2723
676 454 1575
288 321 2966
718 964 3175
838 343 3154
507 791 1450
965 497 3248
863 808 390
659 198 4399
433 265 4152
308 977 4751
462 510 960
393 342 3195
898 301 350
780 515 1259
951 232 4890
262 595 4804
271 760 3164
730 282 2923
358 799 2663
387 233 2209
635 96 1536
789 814 722
608 319 1633
975 787 4223
386 628 3452
313 283 3632
483 363 988
782 446 4395
874 142 3366
372 739 1868
372 401 3786
9 267 1760
333 396 4488
144 465 888
344 880 3394
398 773 4603
573 550 1255
479 960 701
861 688 1442
290 88 1668
161 98 4984
628 515 1768
170 793 4600
101 251 3607
216 342 504
881 911 3820
660 352 2020
974 951 4171
348 428 3930
764 654 3177
3 800 4968
624 689 3858
553 380 983
56 613 508
221 725 3682
189 549 3914
886 606 633
648 201 2480
97 189 130
409 971 2322
283 702 2617
701 149 214
470 802 1256
970 919 48
484 877 4474
75 631 3616
126 922 4168
926 84 1657
685 805 4333
49 997 3363
374 9 1680
356 512 642
238 643 1535
551 194 3061
399 233 1897
398 766 2407
953 467 3896
188 302 2036
730 296 1421
895 440 2657
867 928 230
400 229 2528
407 899 4704
321 572 1204
96 162 1746
253 174 1203
695 784 202
321 962 4009
194 85 1209
269 743 360
228 425 3788
679 411 88
155 839 3398
336 79 4289
238 199 450
560 763 2273
184 761 1181
44 388 1253
423 652 888
581 490 3437
65 361 3708
89 559 3673
153 637 4752
289 960 480
87 334 926
164 998 2005
870 294 787
142 896 3241
70 37 320
372 656 1674
641 584 4654
672 246 3469
355 531 1319
731 910 2202
691 968 4695
678 188 391
464 699 3266
46 520 3711
281 786 1313
117 482 804
54 753 1685
320 310 3688
973 997 3180
406 172 4213
42 816 1069
507 952 4712
34 151 1320
658 265 2397
667 961 4011
512 744 1145
116 20 3276
373 849 4182
426 460 1931
977 47 3768
479 210 3946
680 318 4614
468 882 116
596 510 1986
287 64 2998
107 215 1575
477 219 701
457 158 3199
168 815 3455
186 113 3551
982 93 3439
591 970 1197
423 113 3254
206 480 988
417 286 2814
683 428 3632
57 793 4005
783 285 4331
314 955 1084
146 901 1119
107 226 3313
719 304 4642
519 633 1055
32 713 1794
818 764 155
378 911 2580
340 811 3274
145 698 1714
532 979 3771
84 424 484
505 149 3226
904 845 2712
999 217 2726
819 124 1909
853 192 4122
941 610 3002
569 630 1283
542 781 3529
416 77 2730
588 440 4003
455 135 4737
477 42 3583
859 895 2043
315 208 130
690 828 251
730 727 4914
203 187 2727
67 353 4029
703 182 2679
688 875 1127
534 850 2111
594 581 694
159 664 4683
290 29 902
725 490 2148
615 218 6
383 452 3417
222 751 4788
947 234 4034
182 387 1929
680 337 4141
811 350 4056
596 676 1346
182 16 4265
658 458 1429
152 777 3804
354 983 1640
801 315 62
548 474 4416
543 448 2037
149 252 765
260 349 3406
944 766 4514
513 591 2982
666 263 3501
671 329 1857
957 771 1047
386 459 3673
94 402 940
222 504 3823
501 641 1375
591 244 3695
842 487 1685
248 245 2693
336 487 4346
335 981 4873
281 164 3203
78 537 1285
352 480 2748
856 552 1423
176 35 2268
760 778 2373
320 901 3874
730 709 2265
485 562 643
12 840 3579
535 741 29
56 164 2171
420 863 45
512 937 4254
578 234 4967
214 322 3461
430 815 926
857 718 423
440 173 3980
189 273 435
331 184 3933
4 797 2545
743 596 2027
854 539 1658
922 204 3222
756 768 2167
792 169 1541
254 177 3811
78 33 943
196 158 3476
831 566 4846
686 126 4092
836 326 909
599 497 3423
951 584 1122
405 642 4156
123 608 1472
590 904 336
891 105 4018
25 684 1527
515 293 3300
713 350 501
775 489 1447
371 199 387
745 560 1466
144 387 2210
688 15 990
42 73 3745
802 878 3238
116 290 2696
818 435 1733
99 696 598
582 759 3675
857 211 4980
713 584 3901
358 239 1147
7 296 3172
398 250 2370
523 776 1498
827 712 4220
954 8 2468
263 880 4947
284 471 287
646 378 3446
830 457 321
242 64 4980
233 651 4461
160 605 3396
220 232 1053
584 397 4720
818 843 1645
728 867 4450
982 632 2102
958 258 113
586 599 4940
329 585 1099
826 923 4478
275 410 1106
129 81 2103
220 855 1719
832 754 2253
660 330 3631
316 178 479
993 957 1864
627 214 4509
742 772 4184
747 942 2335
433 471 1775
461 959 2759
763 269 2443
699 84 2508
391 450 4169
591 588 829
776 338 2321
782 696 261
136 824 175
727 772 3792
653 727 3140
320 275 1092
336 48 3286
379 76 171
622 488 2742
972 404 4315
646 26 2691
45 536 4896
1 955 2813
311 120 474
626 746 155
872 383 4106
985 582 4197
826 391 640
860 619 801
882 25 3658
697 13 4725
238 800 3633
552 174 1896
10 124 1902
980 207 1262
708 576 2320
697 323 523
653 135 1247
355 595 2321
931 494 2709
722 480 1642
747 766 2042
800 757 4128
165 130 3152
84 888 4408
248 455 2042
138 885 4782
700 430 678
612 374 4474
848 890 3900
393 473 4394
442 308 1148
132 801 1329
818 471 131
292 586 306
590 570 2123
581 970 4907
729 28 2357
552 846 284
998 834 1035
10 797 2294
31 246 2670
324 268 474
953 782 947
920 261 4326
451 417 1604
554 381 2862
676 84 4335
772 755 2265
973 578 731
727 745 1099
657 182 2107
756 680 1128
592 421 802
365 264 4438
955 124 3368
34 937 1392
367 426 3086
352 459 1483
925 869 1365
62 468 1344
283 548 4829
16 482 2980
531 467 2288
154 240 29
740 172 1854
95 279 4615
665 85 1365
747 961 1980
118 67 2688
298 674 3711
3 459 2671
102 693 2623
455 6 3408
524 167 1766
197 916 2349
632 849 4291
847 678 1975
488 454 3944
412 459 2654
131 903 1456
374 472 4444
854 153 4802
685 707 3656
357 420 850
932 321 2094
778 748 636
117 728 1342
2 213 959
158 878 1076
536 280 3444
145 888 2632
452 547 4785
284 810 3697
884 240 116
224 720 600
920 32 806
971 112 1410
560 537 766
837 43 4858
604 288 1197
936 291 2771
742 675 4902
185 8 4260
112 251 1099
282 331 4521
865 837 4184
305 770 174
154 665 2894
428 74 2201
310 721 547
428 157 2572
790 544 3744
297 39 145
64 467 1918
352 103 2178
852 395 2768
217 587 1277
308 1000 649
374 612 3528
155 363 829
875 506 230
353 165 3862
579 94 4135
710 779 3884
556 787 3758
123 845 729
256 373 1042
950 503 1868
231 962 1279
425 920 173
781 202 593
24 5 1655
718 380 3957
445 289 4289
338 385 2770
791 55 1082
968 516 257
35 783 241
142 224 4168
412 927 511
371 662 4071
749 774 953
147 794 2641
540 556 3290
205 705 3963
38 86 95
130 248 2675
962 789 2579
70 690 1232
269 573 719
356 450 4639
366 676 4379
872 438 4825
51 609 4564
577 409 170
462 660 2538
441 711 1948
367 153 2524
812 120 4064
611 926 4935
264 434 3468
849 901 4485
999 795 41
343 425 3416
639 135 118
166 251 3919
235 728 3424
204 865 4892
457 594 3231
843 28 1609
475 5 410
495 874 1255
493 384 4668
804 574 56
978 913 205
254 764 3213
585 934 2625
111 323 1140
786 567 2018
103 809 2482
754 990 1286
172 690 396
447 536 3180
891 382 1264
219 74 280
766 861 2605
252 295 2441
795 711 73
461 934 4420
984 156 4285
756 354 3368
49 678 2920
70 440 3890
41 400 1206
59 438 1012
824 420 818
517 707 1039
401 666 849
102 27 2473
263 81 1130
485 331 1123
984 277 4656
369 314 3461
651 770 2973
16 466 1981
212 609 3297
313 756 864
117 401 3450
719 388 2388
203 474 4326
225 28 1719
619 225 3949
639 432 1680
265 336 4777
248 94 1445
994 282 2333
550 855 3769
451 617 1432
851 297 2292
884 938 91
542 929 1542
308 677 340
471 395 4220
950 541 3854
906 933 2984
632 88 304
898 987 3721
124 351 4165
343 368 720
454 237 447
611 276 490
120 975 1819
581 537 1678
739 681 446
951 735 4215
592 135 2249
38 628 989
212 270 3891
223 489 1778
855 569 1823
910 5 3412
354 818 318
878 447 3466
782 756 1116
804 150 710
301 863 2270
503 582 4452
19 656 784
752 653 4140
249 20 3654
222 967 707
442 142 2696
486 519 2897
181 372 1097
254 490 138
315 941 2585
122 832 1791
606 550 4211
748 378 1328
131 368 263
517 278 2912
526 965 4161
186 89 3004
775 764 3567
991 684 1008
42 145 1435
254 628 1513
957 49 2171
293 332 3114
244 478 1136
228 673 2827
740 782 3510
718 688 3152
725 547 10
546 879 3587
559 218 696
201 563 4279
534 990 4059
11 846 3776
622 120 4403
505 74 4770
121 431 4879
511 705 3847
37 148 1190
732 416 4518
715 730 4203
384 585 668
223 476 1850
255 25 4718
299 889 1750
440 626 561
125 649 2426
775 182 2280
160 218 1215
394 779 4335
771 766 1407
524 283 288
415 20 310
70 129 3299
780 848 4564
231 236 1764
20 56 2102
137 100 451
126 191 1574
958 614 4665
595 606 2922
861 230 3050
312 683 2600
422 740 3580
727 966 176
949 664 2016
466 467 1630
209 768 4634
146 193 1571
228 455 4742
701 803 919
663 452 3884
220 839 1692
590 14 1377
532 388 2272
938 441 702
936 122 906
175 989 1628
82 392 4398
565 479 472
565 427 1912
91 121 3131
197 246 1650
13 582 4063
266 571 616
94 453 462
555 892 2755
635 579 4028
525 589 2711
366 721 2115
371 355 3664
8 158 3838
365 619 3808
54 946 2463
863 943 477
467 875 3484
69 406 1196
12 738 2798
296 895 3255
128 350 3310
292 563 425
181 936 3833
625 746 427
1 276 3228
50 850 602
47 346 1089
408 788 4595
521 207 2583
92 480 2127
448 105 3841
905 823 2497
207 154 3351
219 392 1566
278 285 225
453 573 4033
312 333 1405
586 118 3897
319 665 2992
707 797 3273
465 258 3978
174 565 4425
850 418 3537
221 244 3083
267 736 4392
554 193 3274
421 788 378
965 887 4478
744 47 3080
330 759 472
809 237 3001
704 478 2424
942 941 3203
879 548 2299
547 717 1201
931 339 296
945 960 3461
988 516 3518
452 773 187
564 963 1379
918 723 496
696 948 557
356 622 3920
428 421 1245
661 78 461
108 442 4871
475 597 3543
19 521 3410
535 257 3057
791 588 3089
336 534 1058
820 739 221
553 752 2133
655 999 3716
742 229 1463
122 929 2719
392 964 2878
34 385 2698
91 60 1683
529 889 1259
533 385 2903
941 305 204
235 952 529
522 462 169
963 860 4019
348 605 2207
333 142 2100
201 269 1544
495 694 2480
859 420 1872
413 950 2313
792 843 3609
528 358 4641
99 422 4964
594 966 458
409 458 1129
63 475 1100
416 809 996
345 386 1502
615 44 1991
585 809 3755
345 198 823
802 977 2237
173 383 2599
675 893 3230
161 275 3674
873 659 1427
675 194 1117
293 963 1449
565 466 2078
560 609 4211
397 582 3444
522 975 474
375 155 2600
795 909 2078
429 969 2640
687 467 4366
26 406 2630
149 635 3660
180 480 4994
131 488 4093
222 979 2639
985 463 4362
428 995 4621
78 751 1355
701 781 4347
155 944 2757
537 997 2446
421 457 1009
365 252 2956
841 604 1311
344 733 2103
621 485 2140
905 843 1661
972 157 976
207 183 4215
711 170 3988
619 610 2393
60 372 2223
719 927 3636
443 124 88
492 925 1111
619 133 432
871 927 162
576 187 1992
71 789 948
281 522 368
115 294 3343
938 858 148
57 838 2976
896 627 415
3 171 1903
205 5 1859
605 209 2804
209 822 4790
584 163 2333
250 510 2038
326 354 4099
167 603 1458
196 56 923
152 953 4614
917 668 2081
58 899 3433
319 283 3427
829 213 4148
173 868 1553
471 81 1898
595 620 4846
485 421 2040
157 284 1819
334 960 1433
176 424 1292
570 808 1612
582 930 1420
429 334 4691
880 602 2044
429 813 642
741 216 1847
164 672 1375
882 605 3670
29 98 2332
777 469 1276
848 400 3775
808 336 2798
941 261 1323
40 189 3200
108 700 4774
987 963 323
819 980 922
383 220 2076
821 840 146
161 514 3792
310 850 1091
232 249 2473
77 78 2123
197 104 3530
952 962 4082
280 600 4452
451 532 3733
863 199 3003
157 840 2002
480 480 1670
640 710 2131
508 621 2453
195 341 1669
651 936 1559
214 229 1509
352 81 3458
458 995 1592
297 580 210
132 631 2099
43 477 1827
830 754 3022
803 852 1332
341 544 859
354 990 4711
507 161 1172
64 367 2969
619 233 2584
374 419 4518
281 544 69
631 604 2526
374 791 1507
441 203 2557
129 548 1064
276 554 4317
961 415 2127
711 707 2332
454 899 1311
167 584 2934
431 375 384
772 678 3702
599 507 473
955 375 2211
210 840 3948
492 398 3376
556 94 3738
940 8 4238
796 682 44
607 626 4741
448 231 921
692 320 958
859 135 565
222 664 2216
470 898 4387
943 523 2798
79 660 2355
96 174 642
175 960 2615
180 488 1799
429 949 1445
793 427 966
924 250 4914
254 249 2161
449 744 3407
437 516 1923
711 640 4372
683 439 573
455 108 4748
912 780 410
359 233 802
436 276 4271
531 482 931
9 611 3464
19 621 4965
222 49 4785
419 956 2539
216 971 2132
222 400 4668
504 497 2402
834 796 1866
357 759 500
357 137 3926
845 13 88
926 80 1355
890 253 1052
334 571 1427
819 930 2795
828 428 4663
187 182 2328
394 267 3307
932 664 2156
675 839 1141
836 596 836
828 954 2647
21 580 1852
735 690 1117
243 867 3633
570 301 1767
892 897 3049
287 750 2314
623 651 2387
947 139 4820
38 419 2662
169 341 1325
656 573 4776
106 734 511
426 877 4050
628 131 1282
544 500 2986
786 333 1370
591 435 2619
814 525 414
313 254 1311
251 983 654
644 530 2451
904 289 1774
993 812 4672
596 84 4205
713 271 371
423 608 1054
939 335 3544
18 576 1817
297 70 2582
940 57 2481
175 100 415
793 481 4900
282 237 2169
287 239 1780
115 697 2632
856 595 2058
544 448 3561
864 629 408
747 520 1311
290 761 4532
814 670 4772
894 447 1624
487 395 1630
114 518 823
678 371 4668
180 132 3416
187 18 4248
327 699 821
730 304 3921
57 363 2072
580 681 2023
369 627 4834
250 344 134
343 515 687
857 709 2298
458 717 1690
488 429 3734
830 967 2210
359 281 1267
9 505 2001
522 251 2703
25 681 2295
793 596 3344
715 390 67
584 307 70
458 541 4950
7 934 367
131 939 1661
318 515 4
347 496 640
733 531 2582
716 283 635
419 132 3121
789 378 3131
743 935 3986
245 766 1060
362 804 152
100 121 4365
635 963 4888
948 349 3364
872 102 2267
250 351 4559
422 399 1219
590 277 4409
558 759 4072
243 974 2444
819 560 509
143 255 4609
665 266 3555
314 355 3451
849 853 1207
37 22 858
591 46 4381
946 488 673
683 309 3381
210 514 2137
748 399 2748
199 293 2586
797 67 2558
594 100 47
326 51 3588
807 497 3409
573 700 3953
577 90 4961
165 662 461
68 252 2951
56 376 1613
337 621 599
62 352 2326
395 720 1113
686 184 1226
315 560 4408
321 205 2779
378 609 3541
103 256 683
436 27 1540
736 910 210
285 274 2959
295 318 3766
130 985 4827
346 94 1899
506 930 2503
39 209 583
112 981 2908
761 896 1096
934 414 1493
685 941 2176
686 884 704
560 496 1019
64 271 4056
63 606 3125
620 734 2065
720 607 3295
837 470 1836
339 684 3831
17 69 1101
484 27 4240
11 502 1666
754 86 1942
872 883 800
403 254 3022
986 178 2204
917 402 4700
347 886 2729
733 278 271
256 33 2089
743 892 4239
602 863 4835
617 534 1108
669 951 4166
477 341 1119
461 395 4271
990 443 3294
334 629 1199
722 302 880
416 824 3584
719 841 4106
438 90 1893
183 766 961
807 804 960
851 103 3698
434 258 2832
771 320 2493
691 386 82
621 336 4189
940 648 3903
879 545 2440
669 381 4320
161 284 3298
731 336 3429
324 529 1678
968 937 4470
976 583 152
849 743 1134
520 511 1872
988 382 4398
421 897 3720
837 598 2379
157 739 4448
656 352 4885
608 430 4334
738 4 3491
404 166 1735
663 245 2702
474 54 1428
96 235 4851
82 573 4556
311 879 302
961 752 2978
585 309 2800
105 766 1622
798 546 393
574 403 459
527 888 330
586 2 2589
694 414 147
652 990 1880
605 263 4779
120 524 2893
723 152 4409
867 96 634
172 810 3104
951 889 1796
923 286 865
110 474 2707
799 287 728
926 281 2190
437 73 3856
280 853 1798
600 826 1763
395 949 4837
574 415 963
317 999 767
588 826 4917
125 434 438
288 800 480
496 890 1917
918 542 107
303 717 33
492 360 1926
416 566 2823
256 560 1165
691 799 633
369 655 4858
104 333 1204
623 335 4838
867 235 4077
461 837 2523
174 616 287
767 170 3960
535 966 1189
860 480 4529
859 185 17
645 523 196
516 678 1472
672 322 1226
867 968 4688
476 914 2064
185 423 1916
688 718 606
327 922 640
162 779 1
359 2 439
972 395 4324
89 8 2369
765 506 2916
769 727 4405
680 59 796
407 820 2305
992 420 3792
192 757 10
366 301 4302
819 586 4834
243 25 4430
492 592 2354
26 642 275
865 972 2230
601 552 4820
904 90 1358
928 788 4459
281 862 3873
579 923 1967
140 389 2912
89 501 671
279 180 535
758 852 3311
520 896 4154
23 21 3241
353 97 3943
666 351 2247
583 985 2972
988 349 1985
697 98 4472
435 834 957
418 634 2788
642 220 2673
539 986 3874
795 57 752
773 735 2627
207 223 4674
143 239 4831
879 54 4600
255 439 916
679 389 1961
570 181 211
856 281 1594
837 352 3495
295 523 3165
705 689 2297
710 339 2844
375 969 334
440 221 4651
576 977 415
177 768 2038
31 955 4303
137 317 1124
625 931 4276
489 21 1770
238 800 2027
727 16 1045
336 796 3328
366 24 1638
25 726 4629
145 966 3696
646 282 1052
698 679 4208
635 838 4927
480 170 697
251 364 3331
886 194 3249
124 856 288
261 299 972
529 985 3664
434 404 1405
690 834 689
886 201 4181
109 550 1770
554 599 2681
902 89 890
962 819 2880
57 996 4324
494 40 1655
193 991 648
747 279 474
392 273 1001
608 346 1742
80 230 3417
523 2 312
817 734 255
875 494 1230
29 972 474
642 522 3527
158 834 4547
563 587 2155
423 744 1816
456 842 1508
318 133 1229
528 545 3432
236 396 325
558 182 4533
545 871 2100
231 788 182
349 60 2157
490 495 1912
972 346 2132
419 510 2717
90 733 3232
315 592 1154
149 494 2334
79 949 3203
871 754 4258
370 249 4371
704 156 3161
864 774 4171
662 836 3441
474 922 4057
803 197 4495
673 761 1904
470 888 1734
793 436 2722
285 636 1650
559 119 290
484 485 4687
799 876 486
365 274 4847
919 552 1208
537 846 740
7 448 1788
674 521 1083
636 978 2486
603 349 4496
357 775 3997
14 603 2621
701 638 2890
287 258 353
566 523 4246
72 827 3259
583 724 1690
279 722 3954
166 146 593
65 412 3040
320 689 3000
775 475 2904
582 341 4887
854 882 3350
260 743 4649
14 672 3059
421 231 3975
151 958 3608
387 277 4370
467 312 2551
514 161 675
191 598 795
243 752 4421
356 436 3059
103 69 3707
469 316 4253
618 897 2763
366 176 4337
911 297 3201
865 998 1389
31 832 1563
353 298 4455
995 589 3656
985 719 1805
154 241 1498
91 769 2652
186 832 863
710 148 4229
352 173 3883
704 944 1998
815 727 586
274 1 3337
916 412 2400
192 252 1786
224 287 2811
532 101 3596
27 689 3058
945 227 3653
29 173 253
983 900 1062
679 853 2014
877 758 4819
45 763 4858
742 100 2491
999 792 4273
861 943 485
168 909 4190
252 458 1637
989 525 3510
295 822 4055
768 331 2779
323 101 1549
320 508 2101
494 561 3186
465 153 2294
987 444 3717
427 485 4391
225 555 3647
604 605 1946
421 708 2457
678 298 2263
279 263 3012
47 856 2276
695 325 3751
188 334 4988
472 189 2683
943 320 3824
417 190 2299
805 669 700
78 485 4808
144 68 4898
344 430 3423
229 611 3731
285 121 4842
468 561 487
35 765 3466
196 488 2365
839 152 3365
411 92 4382
4 26 879
344 267 4464
949 744 2535
507 537 3153
905 814 657
944 950 4110
962 788 2410
704 346 4608
355 905 4661
42 258 441
929 679 3584
565 66 3816
629 428 1216
113 852 1672
842 103 1380
516 172 4952
216 511 4818
671 135 3674
48 870 792
411 175 4205
237 740 2019
601 50 4593
894 454 379
488 357 1367
324 92 36
164 365 1673
586 707 1277
190 612 1684
517 969 2376
338 864 1393
594 997 4068
728 203 3715
748 252 2475
210 884 2129
797 79 4768
774 632 2020
818 336 274
711 181 2772
389 113 2582
750 168 2814
857 759 2021
199 303 616
523 685 66
838 104 89
342 371 1242
343 664 4357
162 609 2991
55 668 4886
229 288 3156
422 654 1323
896 984 899
788 557 3603
681 328 11
720 746 855
409 398 2958
955 367 4564
674 191 3557
596 628 1783
526 459 666
875 243 4327
292 537 4268
992 488 389
125 672 1465
887 409 302
477 593 1392
99 64 4568
90 601 2563
547 74 4907
390 84 1120
956 3 2913
566 466 1198
821 508 39
301 261 1493
386 598 3605
102 453 3578
213 414 2748
457 122 735
51 809 4974
167 787 4700
600 454 2565
95 983 923
105 965 663
303 857 139
794 905 1194
252 210 461
65 979 3016
495 909 1641
83 242 1376
187 399 4953
550 536 3799
623 729 1908
211 446 3200
281 277 4423
23 7 1865
58 392 932
529 766 1471
686 713 4752
437 959 2567
387 191 3918
288 54 175
838 689 843
383 294 2300
750 262 3954
772 69 1396
464 500 1548
233 509 4118
380 271 1426
44 892 538
453 944 4287
587 742 2819
481 598 4868
800 532 4925
445 221 1361
439 226 3839
639 226 1304
941 163 1753
806 857 2247
141 751 4243
488 299 4261
46 551 2907
158 755 738
570 688 2944
174 277 4552
143 789 3152
826 908 2281
198 615 2437
15 629 3814
4 683 4301
375 267 4145
397 576 1237
327 441 1419
487 500 2319
192 232 3483
298 479 2269
821 245 3051
866 211 1213
89 163 1740
127 101 3429
307 603 2105
634 707 4410
235 319 649
832 390 2364
423 26 3358
637 486 887
879 761 484
288 366 625
510 4 1771
693 11 1193
856 958 642
516 140 648
115 905 4617
430 445 3943
83 596 2966
343 150 466
323 968 2200
405 41 4095
322 671 1442
582 46 1129
245 183 726
234 455 1785
512 279 2244
838 157 3410
559 48 2234
423 612 2596
375 240 1079
66 294 2635
427 879 4424
9 415 265
728 771 4931
898 134 3296
147 785 927
614 762 1541
522 940 3807
801 298 4417
474 616 1002
41 18 3051
270 892 389
501 936 2983
141 973 4571
611 402 2721
265 184 2845
893 538 4679
337 389 781
458 964 1249
963 857 2542
846 608 4173
758 608 4643
758 473 1540
350 717 2970
70 117 1605
691 573 484
617 730 1131
106 375 569
598 636 1246
811 650 4721
632 791 1166
728 994 2064
890 19 1784
536 956 2746
744 512 3544
598 676 3994
826 527 4273
14 794 557
642 929 242
922 185 1367
38 554 498
274 166 2904
811 258 1000
225 806 3179
678 954 2200
532 559 2320
741 719 4610
249 119 4058
736 651 3960
506 369 1794
762 733 276
68 307 3146
430 447 2362
711 646 721
986 93 1600
544 951 2089
159 188 4937
995 345 3944
123 509 4298
596 8 111
965 342 2394
891 225 3522
673 477 2716
109 686 1798
568 478 1579
883 756 4728
791 454 2491
490 61 649
409 130 167
795 548 2082
861 121 2194
163 950 1170
225 22 1232
695 502 2369
154 614 767
552 454 2576
562 826 51
227 592 2755
388 154 3499
912 869 2567
647 189 1291
670 19 3735
846 31 3990
640 546 1233
736 979 4351
957 171 467
130 414 450
959 189 950
177 162 1837
955 371 2931
431 447 4158
463 933 4016
212 531 3292
847 460 4469
900 308 303
333 27 337
500 342 220
598 815 4746
974 545 3298
860 943 4927
124 717 1345
153 72 3407
743 681 837
94 42 216
872 413 185
233 470 4740
920 684 2599
100 692 4538
882 426 2642
849 82 3731
953 868 1629
711 680 1894
55 946 3576
805 309 3116
926 722 1271
423 773 4877
84 980 1021
121 909 192
252 915 2635
235 998 3634
51 257 2658
300 241 3004
93 552 568
386 804 2130
523 154 3637
110 146 2976
920 198 2582
33 106 4128
615 524 1084
735 229 1984
61 514 3068
436 937 1870
134 529 897
137 799 3090
712 225 746
146 254 4664
19 449 2262
616 176 1329
132 886 961
452 674 4410
350 784 1028
336 372 992
250 220 3536
989 552 253
459 560 2895
46 693 722
554 326 2984
360 20 4388
473 849 972
835 765 2400
746 348 2226
901 394 3917
6 999 694
454 572 1228
68 417 2600
85 805 3686
601 93 4149
353 485 1813
365 794 3274
495 66 4853
513 320 4953
279 118 3827
692 136 3658
219 260 364
580 662 3470
499 335 4277
520 641 1562
175 825 372
611 696 848
195 51 4416
686 291 1764
392 381 4776
357 629 593
398 517 2635
729 610 2123
443 470 1716
720 144 3200
995 421 3840
690 180 1441
203 152 1695
423 451 2133
811 516 4180
186 434 2200
68 610 4735
169 693 3347
769 540 634
190 57 3005
480 257 692
63 922 4341
328 84 4404
891 713 1162
58 964 582
553 498 1716
677 858 1930
915 76 2835
176 424 4842
57 980 4736
143 394 3000
175 250 4060
86 212 122
423 499 125
787 711 1090
118 788 2905
512 936 1532
279 848 2209
292 447 1339
788 943 358
119 562 1125
769 193 3619
410 996 2958
702 275 401
672 865 1502
368 346 2918
73 345 2739
246 396 2829
736 326 3719
429 491 423
757 577 4062
234 304 2056
764 240 699
276 610 1979
99 191 987
947 73 1167
15 535 4084
464 441 1973
3 850 1686
418 653 3120
476 540 2512
371 970 3623
212 863 2641
477 179 777
974 87 1395
993 746 527
136 635 3871
907 456 960
605 217 4421
709 795 3308
890 961 3208
621 322 1810
723 243 1942
364 445 2921
980 482 604
135 723 608
688 686 1289
721 718 2769
420 75 405
85 962 4984
794 437 2663
809 321 4140
393 372 4248
80 646 3168
328 505 4573
289 589 3625
42 230 2996
467 36 3272
944 804 55
805 79 2661
559 748 2221
298 3 1249
862 320 4429
546 818 2851
164 37 4474
715 221 2616
751 569 831
294 940 1052
682 25 4549
872 655 1720
198 8 429
151 444 1810
303 571 1698
443 355 111
543 306 2329
865 482 4512
552 663 3043
635 221 4792
210 744 152
117 983 4916
966 708 1859
886 829 1833
713 56 821
398 654 3584
278 403 1505
16 156 4510
372 333 3720
598 451 4094
772 729 3142
948 426 2526
612 939 2351
737 346 3658
810 537 1401
289 150 4869
510 309 4427
287 634 3396
765 318 2122
199 742 1618
450 763 1997
832 59 1414
257 872 886
770 705 730
92 158 3154
396 4 4427
725 125 4850
494 155 28
753 598 4604
465 665 1978
976 651 1971
259 120 3823
702 999 2194
634 717 849
901 347 2436
395 428 449
853 743 1610
116 812 789
12 408 4344
274 561 3465
297 139 3397
218 483 1457
59 392 2562
374 338 2345
603 91 2291
251 795 1718
612 922 826
536 7 4148
868 883 2416
50 459 2258
632 817 4330
570 544 3815
758 452 391
175 693 2660
388 192 2145
2 207 4445
53 579 1205
613 75 3895
658 647 3591
805 337 858
115 576 1320
188 202 237
186 46 1658
240 589 1093
60 242 2600
800 655 3079
962 40 4288
75 231 200
927 809 2606
250 889 1890
819 449 2781
655 406 1098
237 100 1636
77 366 884
909 563 2510
58 908 3976
622 396 356
636 754 3767
821 165 1366
824 301 167
585 17 1085
506 493 2998
621 750 4961
189 931 1910
179 404 3971
795 979 1550
532 489 1863
608 184 1306
356 782 2037
257 721 1206
919 569 1738
898 717 265
45 519 884
889 541 2691
120 240 4578
448 986 1443
989 97 1562
896 766 678
660 475 2991
950 911 1054
533 710 1081
152 526 3199
387 776 569
437 657 457
835 295 1477
320 245 4726
643 226 3828
262 936 964
260 671 3955
315 863 3607
685 20 2631
343 184 3758
348 216 3666
472 167 4126
667 741 2999
438 477 367
105 605 4322
690 61 1180
841 364 1774
268 13 1200
6 879 884
697 165 3913
100 196 457
852 151 3744
77 548 2474
25 746 4074
104 881 1938
861 953 624
625 789 3656
882 642 2669
589 444 3170
68 874 273
858 423 1234
240 675 2900
563 500 2963
237 100 1037
464 637 3111
75 958 1895
661 541 244
580 31 2988
997 948 189
10 305 2444
611 30 2429
927 625 1664
581 655 7
51 306 1251
252 54 4780
263 960 2555
817 485 492
231 466 358
859 367 2352
71 420 3232
517 48 3520
517 561 2286
104 6 503
235 464 4623
565 607 584
116 656 4300
930 409 1450
397 322 2445
142 374 698
165 571 174
651 683 640
197 803 4028
971 604 4730
63 367 2121
124 684 1187
616 175 1551
774 566 1203
917 737 2863
138 309 2837
858 232 2561
361 474 325
342 809 1128
472 531 3374
815 247 918
909 271 4963
260 663 470
702 361 1761
862 196 1906
946 924 1224
80 964 4228
362 611 3877
279 23 1257
136 63 1803
284 755 927
149 352 1049
176 447 1831
285 783 3247
48 656 688
16 753 4563
618 739 1090
686 739 583
905 305 2568
295 568 3034
969 879 3013
834 124 4089
704 180 1094
542 954 2969
236 905 2158
612 425 1498
103 512 821
563 432 575
970 387 4490
73 714 2554
929 719 2914
300 346 3516
118 794 1160
995 904 3936
867 916 3901
586 742 3285
693 431 4147
477 787 1656
806 401 3646
517 232 4292
30 790 4508
79 300 363
14 988 2690
529 531 857
521 933 3824
595 612 2119
776 210 4662
8 935 4228
491 278 2726
904 837 1752
712 987 1947
513 883 3103
968 720 3525
222 72 2599
145 696 227
449 189 310
707 970 539
331 623 817
408 369 2756
505 527 4778
43 776 1952
669 580 1995
291 851 3466
823 861 174
126 826 85
240 921 1172
551 210 4690
88 685 3817
3 955 3911
513 386 1618
504 170 3036
190 623 1349
330 575 4737
603 664 449
172 731 921
781 405 3806
215 489 3497
745 152 3552
850 326 589
716 164 2133
856 290 506
181 755 957
871 690 4735
377 516 4255
571 981 227
336 751 1636
130 884 1800
173 829 3409
507 634 4749
554 863 1531
289 861 1673
538 83 1887
997 952 955
803 967 4001
11 869 320
697 947 2173
766 560 1301
242 59 928
976 312 4771
400 15 4636
295 23 2590
814 248 639
102 975 3070
635 966 464
133 588 2911
163 730 548
206 82 522
825 320 3896
922 115 4971
566 136 290
119 788 2479
874 745 3703
728 88 4029
635 110 1030
657 182 613
503 531 1714
944 54 79
190 146 576
540 184 501
969 34 3971
758 49 2597
873 754 1015
882 468 1605
854 459 3461
775 971 3106
789 451 4780
506 749 1188
969 268 1536
374 868 2633
411 117 3540
792 224 1570
25 34 446
635 164 3247
956 350 4639
434 600 220
109 471 4630
261 389 1447
719 835 2462
779 135 2423
821 490 248
331 387 4038
547 751 3076
566 763 1211
147 468 865
229 31 4344
892 654 2043
556 927 3051
282 937 1361
744 300 3411
226 761 2954
87 419 1194
255 292 203
755 720 1107
848 431 3260
842 294 376
887 958 3948
115 855 4542
522 593 772
24 10 3422
689 744 2327
158 132 1121
586 264 2655
324 104 4070
317 383 535
574 873 2938
404 419 4234
322 69 4439
491 64 38
948 192 1440
503 683 1837
468 76 807
8 237 2101
688 314 3785
526 163 3511
240 124 2842
126 383 4283
190 135 4483
544 202 2915
272 13 3778
723 308 1427
956 118 2844
932 243 4235
314 423 616
909 811 1817
665 271 1518
80 631 35
274 211 1298
683 526 4613
472 134 302
787 169 4809
180 949 1246
759 623 4578
502 466 252
880 731 2466
118 41 1743
634 879 2080
456 382 392
509 864 2504
262 789 2013
359 539 1616
833 799 3739
948 577 2098
601 855 3650
708 592 3279
731 175 132
466 988 1195
20 359 3066
869 865 3358
547 536 1157
222 402 3648
958 527 2778
306 166 264
514 108 4373
451 760 1275
829 570 2909
972 591 3957
66 212 1519
136 225 1420
193 178 1476
764 210 2374
630 303 491
950 866 4418
886 246 1828
316 106 4826
430 29 499
140 583 478
934 283 3388
881 744 4608
113 660 1633
207 772 1152
279 409 2175
215 407 796
196 129 2872
990 118 4445
489 817 2184
479 227 3798
986 218 2368
908 291 4352
387 268 4988
54 9 3993
877 187 830
526 735 1480
446 183 1596
895 669 3577
684 607 1820
815 394 3930
610 85 4091
412 960 1576
709 873 245
320 78 3039
368 156 4036
800 769 1506
861 899 276
269 661 1824
656 285 1440
655 951 2806
606 869 1549
718 483 1969
748 310 2759
577 844 2767
473 713 2748
555 752 2115
764 425 1030
260 436 515
189 991 886
67 41 3926
820 465 3664
498 149 4955
239 732 2077
822 888 902
652 427 3584
826 241 828
466 231 879
256 49 268
855 387 30
130 387 4957
753 990 1841
640 206 3447
694 200 352
124 663 593
450 773 3817
441 494 1596
550 266 900
472 301 4166
462 424 426
656 674 3411
599 65 4299
234 175 3062
102 387 4003
934 160 3300
751 457 2935
484 913 4094
417 751 962
264 91 953
407 341 2088
86 721 4677
908 544 205
357 379 3900
107 1 1908
716 848 4237
832 668 1442
759 274 3460
192 723 4006
257 936 2240
171 861 3432
21 487 3875
218 244 3906
426 527 348
728 833 1157
662 247 236
724 995 294
934 74 665
553 481 2034
810 768 1570
636 17 1706
235 845 4868
287 352 2308
302 7 2491
662 900 3723
739 123 571
399 638 981
613 710 1910
815 61 252
976 865 708
383 718 794
862 527 3458
797 508 1271
749 312 3688
321 68 774
771 764 2737
470 319 684
399 915 3181
599 322 3248
623 394 1035
983 590 1047
579 798 340
792 691 2064
628 794 2247
246 17 2302
49 936 1351
715 217 2624
738 706 2167
170 325 1619
128 523 2950
458 452 2217
171 869 2987
41 156 2656
395 849 475
449 427 2355
591 751 4304
82 108 3209
483 321 2348
79 31 1514
82 292 2481
797 619 4303
671 19 4849
68 829 4597
534 313 4582
288 592 3602
233 120 1694
36 195 3985
725 659 4883
548 244 3622
353 582 1746
395 118 342
743 943 636
368 538 1369
719 555 4280
770 923 4568
157 314 3638
172 668 3092
37 104 3613
769 725 1393
612 66 4041
336 360 2745
851 128 2346
245 798 2597
613 756 2485
862 586 3740
798 97 740
780 128 367
491 440 1553
238 858 894
242 163 4146
671 788 4386
406 899 1307
769 248 1238
31 567 4413
960 36 859
47 83 668
368 495 4816
681 241 2110
837 214 2677
372 128 867
430 992 1539
468 25 2244
868 825 1709
262 298 2356
219 624 2350
71 655 3644
951 877 2416
888 454 4081
675 315 2939
743 230 1206
42 909 3217
610 717 4818
591 810 1191
15 803 2485
98 447 2855
119 62 3944
179 138 440
605 85 533
977 439 3439
91 523 3336
336 94 4552
952 991 2147
112 327 2063
384 122 4693
250 607 466
296 109 1881
804 259 363
825 989 1061
357 506 4755
166 867 1553
148 996 1675
599 68 1225
419 11 1811
174 757 1571
690 642 324
676 50 2062
546 448 4932
113 410 2289
825 991 1830
910 990 688
116 775 1762
598 314 554
638 593 3911
950 267 385
439 236 4117
387 946 733
914 216 191
713 715 94
751 805 2027
984 414 2081
454 544 4268
366 503 675
880 840 4905
245 943 113
672 648 3990
552 154 2791
977 671 4651
324 653 4852
134 691 4493
109 398 1497
637 153 666
224 910 3141
266 533 4482
31 671 2572
500 372 1142
680 1000 2280
789 274 3604
674 8 1473
650 689 773
94 548 38
518 827 485
975 227 1115
607 792 4971
276 836 434
989 802 428
967 77 1328
447 437 3859
737 287 1500
691 40 2716
388 473 3670
323 811 3797
487 626 493
885 668 1149
876 493 2059
511 663 1240
680 713 3
337 101 1066
950 714 761
901 415 250
673 847 1047
976 259 1931
329 591 4640
195 812 4973
551 75 4268
429 706 1587
330 32 4838
409 148 653
41 315 2042
117 928 725
991 428 4772
206 37 3400
654 661 1524
800 833 4731
873 373 3562
939 270 2301
599 380 2509
783 367 4248
118 651 157
480 831 2393
919 273 4625
374 975 2759
942 699 4023
854 236 1534
905 370 467
36 2 2443
69 660 2367
165 676 3556
