22

1,0,,White,White,0,12.116829,7.577191
1,1,,Red,Red,0,19.175000,7.000000
1,1,,Red,Red,0,19.573372,7.230000
1,1,,Red,Red,0,19.573372,6.770000
1,1,,Red,Red,0,19.971743,7.460000
1,1,,Red,Red,0,19.971743,7.000000
1,1,,Red,Red,0,19.971743,6.540000
1,1,,Red,Red,0,20.370115,7.690000
1,1,,Red,Red,0,20.370115,7.230000
1,1,,Red,Red,0,20.370115,6.770000
1,1,,Red,Red,0,20.370115,6.310000
1,1,,Red,Red,0,20.768487,7.920000
1,1,,Red,Red,0,20.768487,7.460000
1,1,,Red,Red,0,20.768487,7.000000
1,1,,Red,Red,0,20.768487,6.540000
1,1,,Red,Red,0,20.768487,6.080000
1,2,,Yellow,Yellow,0,12.325000,5.412500
1,3,,Green,Green,0,12.325000,8.587500
1,4,,Brown,Brown,0,12.325000,7.000000
1,5,,Blue,Blue,0,15.500000,7.000000
1,6,,Pink,Pink,0,18.675000,7.000000
1,7,,Black,Black,0,21.386979,7.000000
0
3.123076,22.333333

1,0,,White,White,0,12.150209,7.560501
1,1,,Red,Red,0,19.135895,6.954567
1,1,,Red,Red,0,19.575685,7.209038
1,1,,Red,Red,0,17.742970,4.251262
1,1,,Red,Red,0,19.966187,7.456925
1,1,,Red,Red,0,19.980795,6.982788
1,1,,Red,Red,0,19.913305,6.439007
1,1,,Red,Red,0,20.361272,7.705200
1,1,,Red,Red,0,20.377749,7.234413
1,1,,Red,Red,0,20.389262,6.766990
1,1,,Red,Red,0,20.368613,6.266465
1,1,,Red,Red,0,18.801554,9.851148
1,1,,Red,Red,0,20.798398,7.511470
1,1,,Red,Red,0,20.927063,7.000030
1,1,,Red,Red,0,21.290263,6.238867
1,1,,Red,Red,0,21.571215,5.560561
1,2,,Yellow,Yellow,0,12.325000,5.412500
1,3,,Green,Green,0,12.325000,8.587500
1,4,,Brown,Brown,0,12.325000,7.000000
1,5,,Blue,Blue,0,15.500000,7.000000
1,6,,Pink,Pink,0,18.402254,6.421074
1,7,,Black,Black,0,21.447226,6.999996
1
3.090789,22.666667

1,0,,White,White,0,12.251074,9.336115
1,1,,Red,Red,0,19.135895,6.954567
1,1,,Red,Red,0,19.575685,7.209038
1,1,,Red,Red,0,18.220368,4.187114
1,1,,Red,Red,0,19.966187,7.456925
1,1,,Red,Red,0,19.980795,6.982788
1,1,,Red,Red,0,19.913305,6.439007
1,1,,Red,Red,0,20.361272,7.705200
1,1,,Red,Red,0,20.377749,7.234413
1,1,,Red,Red,0,20.389262,6.766990
1,1,,Red,Red,0,20.368613,6.266465
1,1,,Red,Red,0,18.574374,7.661368
1,1,,Red,Red,0,20.798398,7.511470
1,1,,Red,Red,0,20.927063,7.000030
1,1,,Red,Red,0,21.290263,6.238867
1,1,,Red,Red,0,21.571215,5.560561
1,2,,Yellow,Yellow,0,12.325000,5.412500
1,3,,Green,Green,0,12.325000,8.587500
1,4,,Brown,Brown,0,12.325000,7.000000
1,5,,Blue,Blue,0,17.711441,7.469625
1,6,,Pink,Pink,0,18.402254,6.421074
1,7,,Black,Black,0,21.447226,6.999996
0
3.120606,23.666667

1,0,,White,White,0,12.493536,6.014214
1,1,,Red,Red,0,19.135895,6.954567
1,1,,Red,Red,0,19.575685,7.209038
1,1,,Red,Red,0,18.220368,4.187114
1,1,,Red,Red,0,19.966187,7.456925
1,1,,Red,Red,0,19.980795,6.982788
1,1,,Red,Red,0,19.913305,6.439007
1,1,,Red,Red,0,20.361272,7.705200
1,1,,Red,Red,0,20.377749,7.234413
1,1,,Red,Red,0,20.389262,6.766990
1,1,,Red,Red,0,20.368613,6.266465
1,1,,Red,Red,0,18.574374,7.661368
1,1,,Red,Red,0,20.798398,7.511470
1,1,,Red,Red,0,20.927063,7.000030
1,1,,Red,Red,0,21.290263,6.238867
1,1,,Red,Red,0,21.571215,5.560561
1,2,,Yellow,Yellow,0,12.325000,5.412500
1,3,,Green,Green,0,9.684020,4.404872
1,4,,Brown,Brown,0,12.325000,7.000000
1,5,,Blue,Blue,0,17.711441,7.469625
1,6,,Pink,Pink,0,18.402254,6.421074
1,7,,Black,Black,0,21.447226,6.999996
1
3.367354,21.000000

1,0,,White,White,0,17.687519,5.811972
1,1,,Red,Red,0,18.226047,6.769850
1,1,,Red,Red,0,18.952842,8.179503
1,1,,Red,Red,0,18.220368,4.187114
1,1,,Red,Red,0,19.966187,7.456925
1,1,,Red,Red,0,19.514308,6.918439
1,1,,Red,Red,0,19.787635,5.895787
1,1,,Red,Red,0,20.361272,7.705200
1,1,,Red,Red,0,20.368389,7.230022
1,1,,Red,Red,0,20.389262,6.766990
1,1,,Red,Red,0,20.368613,6.266465
1,1,,Red,Red,0,18.373246,7.627205
1,1,,Red,Red,0,20.818259,7.447708
1,1,,Red,Red,0,21.038661,6.623921
1,1,,Red,Red,0,21.314243,6.201403
1,1,,Red,Red,0,20.880925,5.828332
1,2,,Yellow,Yellow,0,12.325000,5.412500
1,3,,Green,Green,0,9.684020,4.404872
1,4,,Brown,Brown,0,12.325000,7.000000
1,5,,Blue,Blue,0,21.112395,7.847133
1,6,,Pink,Pink,0,21.313348,4.889964
1,7,,Black,Black,0,21.447226,6.999996
0
3.371268,21.333333

1,0,,White,White,0,19.725310,7.125773
1,1,,Red,Red,0,18.226047,6.769850
1,1,,Red,Red,0,18.952842,8.179503
1,1,,Red,Red,0,18.220368,4.187114
1,1,,Red,Red,0,19.400851,7.588325
1,1,,Red,Red,0,18.642169,7.244853
1,1,,Red,Red,0,19.619805,6.258240
1,1,,Red,Red,0,20.341048,8.398013
1,1,,Red,Red,0,19.966346,7.828012
1,1,,Red,Red,0,21.482480,6.742018
1,1,,Red,Red,0,20.867007,7.810153
1,1,,Red,Red,0,17.836168,8.155282
1,1,,Red,Red,0,20.762573,9.464929
1,1,,Red,Red,0,21.496438,6.102798
1,1,,Red,Red,0,21.212692,5.397848
1,1,,Red,Red,0,20.880925,5.828332
1,2,,Yellow,Yellow,0,12.325000,5.412500
1,3,,Green,Green,0,9.684020,4.404872
1,4,,Brown,Brown,0,12.325000,7.000000
1,5,,Blue,Blue,0,21.618412,8.622116
1,6,,Pink,Pink,0,18.941401,5.771350
1,7,,Black,Black,0,20.967760,8.271997
1
4.575576,23.333333

1,0,,White,White,0,21.243786,7.199518
1,1,,Red,Red,0,17.979952,6.512029
1,1,,Red,Red,0,15.036642,4.828141
1,1,,Red,Red,0,18.220368,4.187114
1,1,,Red,Red,0,18.803693,7.692369
1,1,,Red,Red,0,18.549154,7.097237
1,1,,Red,Red,0,19.619805,6.258240
1,1,,Red,Red,0,20.937266,9.488111
1,1,,Red,Red,0,9.446585,7.460799
1,1,,Red,Red,0,20.373015,6.585587
1,1,,Red,Red,0,20.867007,7.810153
1,1,,Red,Red,0,17.836168,8.155282
1,1,,Red,Red,0,17.796046,9.162574
1,1,,Red,Red,0,21.569109,5.705096
1,1,,Red,Red,0,21.098145,5.245980
1,1,,Red,Red,0,20.880925,5.828332
1,2,,Yellow,Yellow,0,12.325000,5.412500
1,3,,Green,Green,0,9.684020,4.404872
1,4,,Brown,Brown,0,12.325000,7.000000
1,5,,Blue,Blue,0,21.618412,8.622116
1,6,,Pink,Pink,0,18.941401,5.771350
1,7,,Black,Black,0,20.967760,8.271997
0
-1.357626,21.000000

