16

1,0, ,White,White,0,12.325000,7.000000
1,1,1,Yellow,Black,0,18.675000,7.000000
1,2,2,Blue,White,0,20.268487,6.080000
1,3,3,Red,Black,0,20.268487,7.920000
1,4,4,Violet,Black,0,19.870115,7.690000
1,5,5,Orange,Black,0,19.870115,6.310000
1,6,6,Green,Black,0,19.073372,7.230000
1,7,7,Brown,White,0,20.268487,6.540000
1,8,8,Black,White,0,19.870115,6.770000
2,9,9,Yellow,Black,0,19.471743,7.000000
2,10,10,Blue,Black,0,19.471743,7.460000
2,11,11,Red,Black,0,20.268487,7.000000
2,12,12,Violet,Black,0,20.268487,7.460000
2,13,13,Orange,Black,0,19.073372,6.770000
2,14,14,Green,Black,0,19.870115,7.230000
2,15,15,Brown,Black,0,19.471743,6.540000
0
3.248155,16.400000

1,0, ,White,White,0,20.865484,8.963898
1,1,1,Yellow,Black,0,18.674330,7.000387
1,2,2,Blue,White,0,20.879834,5.725773
1,3,3,Red,Black,0,20.976413,8.328720
1,4,4,Violet,Black,0,19.933779,7.800013
1,5,5,Orange,Black,0,19.854538,6.284966
1,6,6,Green,Black,0,19.073372,7.230000
1,7,7,Brown,White,0,20.332723,6.430241
1,8,8,Black,White,0,19.870115,6.769671
2,9,9,Yellow,Black,0,19.471731,6.999947
2,10,10,Blue,Black,0,19.473303,7.471145
2,11,11,Red,Black,0,20.810502,6.924814
2,12,12,Violet,Black,0,20.297682,7.459116
2,13,13,Orange,Black,0,19.073334,6.770035
2,14,14,Green,Black,0,19.870773,7.229949
2,15,15,Brown,Black,0,18.319670,4.685565
1
3.526398,17.466667

