16

1,0, ,White,White,0,12.325000,7.000000
1,1,1,Yellow,Black,0,19.471743,6.540000
1,2,2,Blue,White,0,19.471743,7.460000
1,3,3,Red,Black,0,20.268487,7.460000
1,4,4,Violet,Black,0,18.675000,7.000000
1,5,5,Orange,Black,0,19.870115,6.770000
1,6,6,Green,Black,0,19.471743,7.000000
1,7,7,Brown,White,0,19.073372,6.770000
1,8,8,Black,White,0,19.870115,7.230000
2,9,9,Yellow,Black,0,19.073372,7.230000
2,10,10,Blue,Black,0,20.268487,7.920000
2,11,11,Red,Black,0,19.870115,6.310000
2,12,12,Violet,Black,0,19.870115,7.690000
2,13,13,Orange,Black,0,20.268487,7.000000
2,14,14,Green,Black,0,20.268487,6.080000
2,15,15,Brown,Black,0,20.268487,6.540000
0
3.090166,19.066667

1,0, ,White,White,0,20.567686,6.182475
1,1,1,Yellow,Black,0,19.426997,6.462774
1,2,2,Blue,White,0,19.475847,7.642742
1,3,3,Red,Black,0,21.579055,7.456761
1,4,4,Violet,Black,0,18.259994,7.297258
1,5,5,Orange,Black,0,19.876124,6.770024
1,6,6,Green,Black,0,19.454535,6.968094
1,7,7,Brown,White,0,18.961872,6.725143
1,8,8,Black,White,0,19.871441,7.230161
2,9,9,Yellow,Black,0,18.962525,7.388372
2,10,10,Blue,Black,0,19.594387,9.868757
2,11,11,Red,Black,0,19.870104,6.304736
2,12,12,Violet,Black,0,19.210942,8.823704
2,13,13,Orange,Black,0,20.371982,7.079387
2,14,14,Green,Black,0,20.268487,5.826628
2,15,15,Brown,Black,0,20.284682,6.547770
1
4.540338,18.133333

1,0, ,White,White,0,19.530719,7.585756
1,1,1,Yellow,Black,0,19.365026,6.408320
1,2,2,Blue,White,0,17.287425,9.495685
1,3,3,Red,Black,1,21.461534,9.850523
1,4,4,Violet,Black,0,18.259994,7.297258
1,5,5,Orange,Black,0,19.717874,6.730620
1,6,6,Green,Black,0,18.846832,6.732039
1,7,7,Brown,White,0,18.405600,6.124345
1,8,8,Black,White,0,20.138489,8.532772
2,9,9,Yellow,Black,0,16.398473,9.831173
2,10,10,Blue,Black,0,19.594387,9.868757
2,11,11,Red,Black,0,19.646908,5.675800
2,12,12,Violet,Black,0,19.210942,8.823704
2,13,13,Orange,Black,0,20.755873,7.986454
2,14,14,Green,Black,0,20.404658,5.746783
2,15,15,Brown,Black,0,20.434786,6.403124
1
1.608858,19.200000

