22

1,0,,White,White,0,12.283727,7.827538
1,1,,Red,Red,0,19.175000,7.000000
1,1,,Red,Red,0,19.573372,7.230000
1,1,,Red,Red,0,19.573372,6.770000
1,1,,Red,Red,0,19.971743,7.460000
1,1,,Red,Red,0,19.971743,7.000000
1,1,,Red,Red,0,19.971743,6.540000
1,1,,Red,Red,0,20.370115,7.690000
1,1,,Red,Red,0,20.370115,7.230000
1,1,,Red,Red,0,20.370115,6.770000
1,1,,Red,Red,0,20.370115,6.310000
1,1,,Red,Red,0,20.768487,7.920000
1,1,,Red,Red,0,20.768487,7.460000
1,1,,Red,Red,0,20.768487,7.000000
1,1,,Red,Red,0,20.768487,6.540000
1,1,,Red,Red,0,20.768487,6.080000
1,2,,Yellow,Yellow,0,12.325000,5.412500
1,3,,Green,Green,0,12.325000,8.587500
1,4,,Brown,Brown,0,12.325000,7.000000
1,5,,Blue,Blue,0,15.500000,7.000000
1,6,,Pink,Pink,0,18.675000,7.000000
1,7,,Black,Black,0,21.386979,7.000000
0
3.096751,22.666667

1,0,,White,White,0,17.647249,7.564699
1,1,,Red,Red,0,17.094928,5.633031
1,1,,Red,Red,0,19.443855,6.529740
1,1,,Red,Red,0,17.023279,4.823061
1,1,,Red,Red,0,19.975010,7.450417
1,1,,Red,Red,0,20.154253,6.847485
1,1,,Red,Red,0,19.890378,6.399477
1,1,,Red,Red,0,20.358400,7.711304
1,1,,Red,Red,0,20.533656,7.172282
1,1,,Red,Red,0,21.153618,6.377982
1,1,,Red,Red,0,20.364022,6.251907
1,1,,Red,Red,0,21.149375,8.764433
1,1,,Red,Red,0,20.898036,7.639364
1,1,,Red,Red,0,21.124210,6.909860
1,1,,Red,Red,0,21.488576,5.940005
1,1,,Red,Red,0,21.197678,5.345095
1,2,,Yellow,Yellow,0,12.325000,5.412500
1,3,,Green,Green,0,12.325000,8.587500
1,4,,Brown,Brown,0,12.325000,7.000000
1,5,,Blue,Blue,0,15.500000,7.000000
1,6,,Pink,Pink,0,18.362187,7.015995
1,7,,Black,Black,0,21.603634,7.004972
1
4.397001,22.333333

1,0,,White,White,0,19.693592,6.965503
1,1,,Red,Red,0,17.094928,5.633031
1,1,,Red,Red,0,12.283698,9.877074
1,1,,Red,Red,0,17.023279,4.823061
1,1,,Red,Red,0,19.881844,7.499092
1,1,,Red,Red,0,20.463625,6.535580
1,1,,Red,Red,0,19.927623,6.396952
1,1,,Red,Red,0,20.401899,7.623813
1,1,,Red,Red,0,20.611781,7.079494
1,1,,Red,Red,0,21.544392,6.486669
1,1,,Red,Red,0,21.038694,5.777820
1,1,,Red,Red,0,21.158271,8.586217
1,1,,Red,Red,0,20.898036,7.639364
1,1,,Red,Red,0,21.123672,6.910768
1,1,,Red,Red,0,21.488576,5.940005
1,1,,Red,Red,0,21.619147,4.407399
1,2,,Yellow,Yellow,0,12.325000,5.412500
1,3,,Green,Green,0,12.325000,8.587500
1,4,,Brown,Brown,0,12.325000,7.000000
1,5,,Blue,Blue,0,15.500000,7.000000
1,6,,Pink,Pink,0,20.579644,8.193095
1,7,,Black,Black,0,21.520961,7.339287
0
2.228336,23.666667

1,0,,White,White,0,19.783996,6.942893
1,1,,Red,Red,0,17.985098,4.367115
1,1,,Red,Red,0,12.283698,9.877074
1,1,,Red,Red,0,17.023279,4.823061
1,1,,Red,Red,0,12.865895,4.888643
1,1,,Red,Red,0,17.365895,6.981720
1,1,,Red,Red,0,21.612058,4.882072
1,1,,Red,Red,0,19.806976,8.185897
1,1,,Red,Red,0,20.896948,7.478210
1,1,,Red,Red,0,21.021215,6.246065
1,1,,Red,Red,0,20.941684,6.767028
1,1,,Red,Red,0,21.337844,9.434201
1,1,,Red,Red,0,21.076085,8.133595
1,1,,Red,Red,0,21.331500,7.118082
1,1,,Red,Red,0,19.690351,6.354647
1,1,,Red,Red,1,21.616654,4.389621
1,2,,Yellow,Yellow,0,12.325000,5.412500
1,3,,Green,Green,0,12.325000,8.587500
1,4,,Brown,Brown,0,12.325000,7.000000
1,5,,Blue,Blue,0,15.500000,7.000000
1,6,,Pink,Pink,0,20.579644,8.193095
1,7,,Black,Black,0,21.592469,7.511053
0
-0.969776,22.000000

1,0,,White,White,0,17.473767,5.103375
1,1,,Red,Red,0,17.985098,4.367115
1,1,,Red,Red,0,12.283698,9.877074
1,1,,Red,Red,0,16.988053,4.757374
1,1,,Red,Red,0,10.220781,8.202214
1,1,,Red,Red,0,17.365895,6.981720
1,1,,Red,Red,0,21.612058,4.882072
1,1,,Red,Red,0,19.806976,8.185897
1,1,,Red,Red,0,20.896948,7.478210
1,1,,Red,Red,0,21.021215,6.246065
1,1,,Red,Red,0,20.941684,6.767028
1,1,,Red,Red,0,21.337844,9.434201
1,1,,Red,Red,0,21.076085,8.133595
1,1,,Red,Red,0,21.331500,7.118082
1,1,,Red,Red,0,19.690351,6.354647
1,1,,Red,Red,1,21.616654,4.389621
1,2,,Yellow,Yellow,0,11.558226,5.602626
1,3,,Green,Green,0,12.325000,8.587500
1,4,,Brown,Brown,0,12.325000,7.000000
1,5,,Blue,Blue,0,12.798268,5.762880
1,6,,Pink,Pink,0,20.579644,8.193095
1,7,,Black,Black,0,21.592469,7.511053
1
-0.784622,22.666667

1,0,,White,White,0,15.285646,4.770404
1,1,,Red,Red,0,17.985098,4.367115
1,1,,Red,Red,1,9.451646,9.717358
1,1,,Red,Red,0,16.988053,4.757374
1,1,,Red,Red,0,10.220781,8.202214
1,1,,Red,Red,0,17.365895,6.981720
1,1,,Red,Red,0,21.612058,4.882072
1,1,,Red,Red,0,19.806976,8.185897
1,1,,Red,Red,0,20.896948,7.478210
1,1,,Red,Red,0,21.021215,6.246065
1,1,,Red,Red,0,20.941684,6.767028
1,1,,Red,Red,0,21.337844,9.434201
1,1,,Red,Red,0,21.076085,8.133595
1,1,,Red,Red,0,21.331500,7.118082
1,1,,Red,Red,0,19.690351,6.354647
1,1,,Red,Red,1,21.616654,4.389621
1,2,,Yellow,Yellow,0,11.558226,5.602626
1,3,,Green,Green,0,12.325000,8.587500
1,4,,Brown,Brown,0,12.325000,7.000000
1,5,,Blue,Blue,0,11.718530,4.915056
1,6,,Pink,Pink,0,20.579644,8.193095
1,7,,Black,Black,0,21.592469,7.511053
0
-0.179765,22.000000

1,0,,White,White,0,11.922474,5.327081
1,1,,Red,Red,0,17.985098,4.367115
1,1,,Red,Red,1,9.451646,9.717358
1,1,,Red,Red,0,16.988053,4.757374
1,1,,Red,Red,0,10.220781,8.202214
1,1,,Red,Red,0,17.365895,6.981720
1,1,,Red,Red,0,21.612058,4.882072
1,1,,Red,Red,0,19.806976,8.185897
1,1,,Red,Red,0,20.896948,7.478210
1,1,,Red,Red,0,21.031900,6.266571
1,1,,Red,Red,0,21.320097,6.655038
1,1,,Red,Red,0,21.337844,9.434201
1,1,,Red,Red,0,20.983539,8.237087
1,1,,Red,Red,0,21.427311,7.391878
1,1,,Red,Red,0,20.481923,6.723221
1,1,,Red,Red,1,21.616654,4.389621
1,2,,Yellow,Yellow,0,12.093933,8.126902
1,3,,Green,Green,0,20.834796,5.762575
1,4,,Brown,Brown,0,12.325000,7.000000
1,5,,Blue,Blue,0,10.558691,5.459212
1,6,,Pink,Pink,0,20.502834,8.197873
1,7,,Black,Black,0,21.603582,8.289170
1
4.371237,22.000000

1,0,,White,White,0,16.335216,6.793970
1,1,,Red,Red,0,17.985098,4.367115
1,1,,Red,Red,1,9.451646,9.717358
1,1,,Red,Red,0,16.988053,4.757374
1,1,,Red,Red,0,12.611014,4.859963
1,1,,Red,Red,0,17.365895,6.981720
1,1,,Red,Red,0,21.612058,4.882072
1,1,,Red,Red,0,19.806976,8.185897
1,1,,Red,Red,0,20.896948,7.478210
1,1,,Red,Red,0,21.031900,6.266571
1,1,,Red,Red,0,21.320097,6.655038
1,1,,Red,Red,0,21.337844,9.434201
1,1,,Red,Red,0,20.983539,8.237087
1,1,,Red,Red,0,21.427311,7.391878
1,1,,Red,Red,0,20.481923,6.723221
1,1,,Red,Red,1,21.616654,4.389621
1,2,,Yellow,Yellow,0,17.820193,6.047636
1,3,,Green,Green,0,20.834796,5.762575
1,4,,Brown,Brown,0,14.604871,8.738406
1,5,,Blue,Blue,0,10.558691,5.459212
1,6,,Pink,Pink,0,20.502834,8.197873
1,7,,Black,Black,0,21.603582,8.289170
0
-0.539929,5.000000

1,0,,White,White,0,15.157108,7.500049
1,1,,Red,Red,0,17.985098,4.367115
1,1,,Red,Red,1,9.451646,9.717358
1,1,,Red,Red,0,16.988053,4.757374
1,1,,Red,Red,0,12.611014,4.859963
1,1,,Red,Red,0,17.365895,6.981720
1,1,,Red,Red,0,21.612058,4.882072
1,1,,Red,Red,0,19.806976,8.185897
1,1,,Red,Red,0,20.896948,7.478210
1,1,,Red,Red,0,21.031900,6.266571
1,1,,Red,Red,0,21.320097,6.655038
1,1,,Red,Red,0,21.337844,9.434201
1,1,,Red,Red,0,20.983539,8.237087
1,1,,Red,Red,0,21.427311,7.391878
1,1,,Red,Red,0,20.481923,6.723221
1,1,,Red,Red,1,21.616654,4.389621
1,2,,Yellow,Yellow,0,17.820193,6.047636
1,3,,Green,Green,0,20.834796,5.762575
1,4,,Brown,Brown,0,14.604871,8.738406
1,5,,Blue,Blue,0,10.558691,5.459212
1,6,,Pink,Pink,0,20.502834,8.197873
1,7,,Black,Black,0,21.603582,8.289170
1
-0.974986,8.333333

1,0,,White,White,0,13.829718,8.237706
1,1,,Red,Red,0,17.985098,4.367115
1,1,,Red,Red,1,9.451646,9.717358
1,1,,Red,Red,0,16.988053,4.757374
1,1,,Red,Red,0,12.611014,4.859963
1,1,,Red,Red,0,17.365895,6.981720
1,1,,Red,Red,0,21.612058,4.882072
1,1,,Red,Red,0,19.806976,8.185897
1,1,,Red,Red,0,20.896948,7.478210
1,1,,Red,Red,0,21.031900,6.266571
1,1,,Red,Red,0,21.320097,6.655038
1,1,,Red,Red,0,21.337844,9.434201
1,1,,Red,Red,0,20.983539,8.237087
1,1,,Red,Red,0,21.427311,7.391878
1,1,,Red,Red,0,20.481923,6.723221
1,1,,Red,Red,1,21.616654,4.389621
1,2,,Yellow,Yellow,0,17.820193,6.047636
1,3,,Green,Green,0,20.834796,5.762575
1,4,,Brown,Brown,0,14.493178,9.001217
1,5,,Blue,Blue,0,10.558691,5.459212
1,6,,Pink,Pink,0,20.502834,8.197873
1,7,,Black,Black,0,21.603582,8.289170
0
3.893884,6.000000

1,0,,White,White,0,14.304639,8.573978
1,1,,Red,Red,0,17.985098,4.367115
1,1,,Red,Red,1,9.451646,9.717358
1,1,,Red,Red,0,16.988053,4.757374
1,1,,Red,Red,0,12.611014,4.859963
1,1,,Red,Red,0,17.365895,6.981720
1,1,,Red,Red,0,21.612058,4.882072
1,1,,Red,Red,0,19.806976,8.185897
1,1,,Red,Red,0,20.896948,7.478210
1,1,,Red,Red,0,21.031900,6.266571
1,1,,Red,Red,0,21.320097,6.655038
1,1,,Red,Red,0,21.337844,9.434201
1,1,,Red,Red,0,20.983539,8.237087
1,1,,Red,Red,0,21.427311,7.391878
1,1,,Red,Red,0,20.481923,6.723221
1,1,,Red,Red,1,21.616654,4.389621
1,2,,Yellow,Yellow,0,17.820193,6.047636
1,3,,Green,Green,0,20.834796,5.762575
1,4,,Brown,Brown,0,15.249872,9.758898
1,5,,Blue,Blue,0,10.558691,5.459212
1,6,,Pink,Pink,0,20.502834,8.197873
1,7,,Black,Black,0,21.603582,8.289170
1
3.979103,5.333333

1,0,,White,White,0,15.029914,9.354706
1,1,,Red,Red,0,17.985098,4.367115
1,1,,Red,Red,1,9.451646,9.717358
1,1,,Red,Red,0,16.988053,4.757374
1,1,,Red,Red,0,12.611014,4.859963
1,1,,Red,Red,0,17.365895,6.981720
1,1,,Red,Red,0,21.612058,4.882072
1,1,,Red,Red,0,19.806976,8.185897
1,1,,Red,Red,0,20.896948,7.478210
1,1,,Red,Red,0,21.031900,6.266571
1,1,,Red,Red,0,21.320097,6.655038
1,1,,Red,Red,0,21.337844,9.434201
1,1,,Red,Red,0,20.983539,8.237087
1,1,,Red,Red,0,21.427311,7.391878
1,1,,Red,Red,0,20.481923,6.723221
1,1,,Red,Red,1,21.616654,4.389621
1,2,,Yellow,Yellow,0,17.820193,6.047636
1,3,,Green,Green,0,20.834796,5.762575
1,4,,Brown,Brown,0,12.325000,7.000000
1,5,,Blue,Blue,0,10.558691,5.459212
1,6,,Pink,Pink,0,20.502834,8.197873
1,7,,Black,Black,0,21.603582,8.289170
1
1.017741,22.333333

1,0,,White,White,0,16.289965,4.483704
1,1,,Red,Red,0,17.985098,4.367115
1,1,,Red,Red,1,9.451646,9.717358
1,1,,Red,Red,0,16.988053,4.757374
1,1,,Red,Red,0,14.809016,4.582724
1,1,,Red,Red,0,17.365895,6.981720
1,1,,Red,Red,0,21.612058,4.882072
1,1,,Red,Red,0,19.806976,8.185897
1,1,,Red,Red,0,20.896948,7.478210
1,1,,Red,Red,0,21.031900,6.266571
1,1,,Red,Red,0,21.320097,6.655038
1,1,,Red,Red,0,21.337844,9.434201
1,1,,Red,Red,0,20.983539,8.237087
1,1,,Red,Red,0,21.427311,7.391878
1,1,,Red,Red,0,20.481923,6.723221
1,1,,Red,Red,1,21.616654,4.389621
1,2,,Yellow,Yellow,0,17.820193,6.047636
1,3,,Green,Green,0,20.834796,5.762575
1,4,,Brown,Brown,0,12.325000,7.000000
1,5,,Blue,Blue,0,10.558691,5.459212
1,6,,Pink,Pink,0,20.502834,8.197873
1,7,,Black,Black,0,21.603582,8.289170
0
3.175143,23.000000

1,0,,White,White,0,20.033695,4.602625
1,1,,Red,Red,0,17.985098,4.367115
1,1,,Red,Red,1,9.451646,9.717358
1,1,,Red,Red,0,20.842624,7.200238
1,1,,Red,Red,0,14.809016,4.582724
1,1,,Red,Red,0,16.909222,7.877954
1,1,,Red,Red,0,21.467092,4.580510
1,1,,Red,Red,0,19.099777,8.211252
1,1,,Red,Red,0,20.459862,7.726665
1,1,,Red,Red,0,19.410593,4.260545
1,1,,Red,Red,0,21.573757,6.504959
1,1,,Red,Red,0,20.068142,8.850644
1,1,,Red,Red,0,21.004965,8.233131
1,1,,Red,Red,0,21.499690,7.841092
1,1,,Red,Red,0,21.324832,6.911059
1,1,,Red,Red,1,21.616654,4.389621
1,2,,Yellow,Yellow,0,17.576076,6.572750
1,3,,Green,Green,0,20.834796,5.762575
1,4,,Brown,Brown,0,12.325000,7.000000
1,5,,Blue,Blue,0,10.558691,5.459212
1,6,,Pink,Pink,0,20.216767,8.222196
1,7,,Black,Black,0,21.582520,8.532334
1
3.323555,21.333333

