10

1,10,,White,White,0,12.325000,7.000000
1,1,1,Yellow,Black,0,18.675000,7.000000
1,2,2,Blue,Black,0,19.073372,7.230000
1,3,3,Red,Black,0,19.073372,6.770000
1,4,4,Gray,Black,0,19.471743,7.460000
1,5,5,Orange,Black,0,19.471743,6.540000
1,6,6,Green,Black,0,19.870115,7.230000
1,7,7,Brown,Black,0,19.870115,6.770000
1,8,8,Black,White,0,20.268487,7.000000
2,9,9,Yellow,Black,0,19.471743,7.000000
0
3.283973,28.200000

1,10,,White,White,0,12.216968,7.343533
1,1,1,Yellow,Black,0,18.675000,7.000000
1,2,2,Blue,Black,0,19.073372,7.230000
1,3,3,Red,Black,0,19.073372,6.770000
1,4,4,Gray,Black,0,19.471743,7.460000
1,5,5,Orange,Black,0,19.471743,6.540000
1,6,6,Green,Black,0,19.870115,7.230000
1,7,7,Brown,Black,0,19.870115,6.770000
1,8,8,Black,White,0,20.268487,7.000000
2,9,9,Yellow,Black,0,19.471743,7.000000
0
3.165210,26.200000

1,10,,White,White,0,10.550617,5.673575
1,1,1,Yellow,Black,0,18.064152,6.648805
1,2,2,Blue,Black,0,19.066673,7.198860
1,3,3,Red,Black,0,16.475337,5.844457
1,4,4,Gray,Black,0,19.754991,9.628756
1,5,5,Orange,Black,0,19.884556,4.475502
1,6,6,Green,Black,0,19.897692,7.252356
1,7,7,Brown,Black,0,21.137462,5.603396
1,8,8,Black,White,0,21.473081,6.282632
2,9,9,Yellow,Black,0,19.508430,6.963466
1
3.321827,27.400000

1,10,,White,White,0,10.776399,9.746822
1,1,1,Yellow,Black,0,19.581206,4.926285
1,2,2,Blue,Black,0,18.722273,6.888537
1,3,3,Red,Black,0,16.475337,5.844457
1,4,4,Gray,Black,0,19.754991,9.628756
1,5,5,Orange,Black,0,20.445264,4.585725
1,6,6,Green,Black,0,20.132171,5.956190
1,7,7,Brown,Black,0,20.867192,5.125470
1,8,8,Black,White,0,20.970488,9.646891
2,9,9,Yellow,Black,0,18.398325,5.621669
0
2.661872,27.400000

1,10,,White,White,0,18.991200,5.935978
1,1,1,Yellow,Black,0,19.993412,7.618301
1,2,2,Blue,Black,0,17.736019,4.387849
1,3,3,Red,Black,0,16.475337,5.844457
1,4,4,Gray,Black,0,20.094491,6.744759
1,5,5,Orange,Black,0,21.428320,5.245301
1,6,6,Green,Black,0,18.605503,6.946429
1,7,7,Brown,Black,0,17.304923,4.873865
1,8,8,Black,White,0,20.970488,9.646891
2,9,9,Yellow,Black,0,18.794530,9.693621
1
0.617724,27.400000

1,10,,White,White,0,18.365975,4.749124
1,1,1,Yellow,Black,0,19.993412,7.618301
1,2,2,Blue,Black,0,17.477513,5.275984
1,3,3,Red,Black,0,16.475337,5.844457
1,4,4,Gray,Black,0,20.094491,6.744759
1,5,5,Orange,Black,0,21.428320,5.245301
1,6,6,Green,Black,0,18.605503,6.946429
1,7,7,Brown,Black,1,15.216686,4.054477
1,8,8,Black,White,0,20.970488,9.646891
2,9,9,Yellow,Black,0,18.794530,9.693621
1
4.564955,27.000000

1,10,,White,White,0,19.715877,6.476359
1,1,1,Yellow,Black,0,19.993412,7.618301
1,2,2,Blue,Black,0,17.477513,5.275984
1,3,3,Red,Black,0,16.475337,5.844457
1,4,4,Gray,Black,0,20.343507,6.875044
1,5,5,Orange,Black,0,21.428320,5.245301
1,6,6,Green,Black,0,11.368824,7.116649
1,7,7,Brown,Black,1,15.216686,4.054477
1,8,8,Black,White,0,20.970488,9.646891
2,9,9,Yellow,Black,0,12.948662,6.480323
1
4.198908,27.000000

1,10,,White,White,0,13.149103,9.865655
1,1,1,Yellow,Black,0,20.058236,9.749545
1,2,2,Blue,Black,0,17.477513,5.275984
1,3,3,Red,Black,0,14.677434,9.438602
1,4,4,Gray,Black,0,12.630198,9.801549
1,5,5,Orange,Black,0,21.428320,5.245301
1,6,6,Green,Black,0,11.368824,7.116649
1,7,7,Brown,Black,1,15.216686,4.054477
1,8,8,Black,White,0,16.565671,5.375693
2,9,9,Yellow,Black,0,12.948662,6.480323
1
0.076394,23.400000

1,10,,White,White,0,13.073788,9.934722
1,1,1,Yellow,Black,0,20.058236,9.749545
1,2,2,Blue,Black,0,17.477513,5.275984
1,3,3,Red,Black,0,14.677434,9.438602
1,4,4,Gray,Black,0,12.846530,7.574560
1,5,5,Orange,Black,0,21.428320,5.245301
1,6,6,Green,Black,0,11.368824,7.116649
1,7,7,Brown,Black,1,15.216686,4.054477
1,8,8,Black,White,0,16.565671,5.375693
2,9,9,Yellow,Black,0,10.847042,4.544590
1
1.301985,28.200000

1,10,,White,White,0,12.973351,4.195186
1,1,1,Yellow,Black,0,20.058236,9.749545
1,2,2,Blue,Black,0,17.535752,6.678989
1,3,3,Red,Black,0,14.677434,9.438602
1,4,4,Gray,Black,0,18.837030,4.759221
1,5,5,Orange,Black,0,21.428320,5.245301
1,6,6,Green,Black,0,18.283747,5.775812
1,7,7,Brown,Black,1,15.216686,4.054477
1,8,8,Black,White,0,16.565671,5.375693
2,9,9,Yellow,Black,0,10.847042,4.544590
1
3.277853,27.400000

1,10,,White,White,0,16.806676,7.276773
1,1,1,Yellow,Black,0,20.058236,9.749545
1,2,2,Blue,Black,0,17.535752,6.678989
1,3,3,Red,Black,0,14.677434,9.438602
1,4,4,Gray,Black,0,18.888669,8.253092
1,5,5,Orange,Black,0,21.428320,5.245301
1,6,6,Green,Black,0,18.807472,7.272398
1,7,7,Brown,Black,1,15.216686,4.054477
1,8,8,Black,White,0,16.565671,5.375693
2,9,9,Yellow,Black,0,10.847042,4.544590
0
1.446441,27.400000

1,10,,White,White,0,16.627592,5.830550
1,1,1,Yellow,Black,0,20.058236,9.749545
1,2,2,Blue,Black,0,17.535752,6.678989
1,3,3,Red,Black,0,14.677434,9.438602
1,4,4,Gray,Black,0,18.888669,8.253092
1,5,5,Orange,Black,0,21.428320,5.245301
1,6,6,Green,Black,0,18.807472,7.272398
1,7,7,Brown,Black,1,15.216686,4.054477
1,8,8,Black,White,1,15.610834,9.945017
2,9,9,Yellow,Black,0,10.847042,4.544590
0
3.785794,2.800000

1,10,,White,White,0,16.962164,6.081845
1,1,1,Yellow,Black,0,20.058236,9.749545
1,2,2,Blue,Black,0,17.535752,6.678989
1,3,3,Red,Black,0,14.677434,9.438602
1,4,4,Gray,Black,0,18.888669,8.253092
1,5,5,Orange,Black,0,21.428320,5.245301
1,6,6,Green,Black,0,18.807472,7.272398
1,7,7,Brown,Black,1,15.216686,4.054477
1,8,8,Black,White,1,15.610834,9.945017
2,9,9,Yellow,Black,0,10.847042,4.544590
0
3.833197,21.000000

1,10,,White,White,0,18.032944,5.694422
1,1,1,Yellow,Black,0,20.234081,6.331679
1,2,2,Blue,Black,0,18.155661,8.382199
1,3,3,Red,Black,0,14.169813,9.930723
1,4,4,Gray,Black,0,14.508882,8.604144
1,5,5,Orange,Black,0,21.428320,5.245301
1,6,6,Green,Black,0,18.807472,7.272398
1,7,7,Brown,Black,1,15.216686,4.054477
1,8,8,Black,White,1,15.610834,9.945017
2,9,9,Yellow,Black,0,10.847042,4.544590
0
3.833197,15.000000

