100 100
6538 1699
3081 17908
23275 10175
12538 32239
28933 3719
9133 31371
16532 3351
5613 15455
27082 13156
2712 12966
28834 18207
24728 4675
16241 29405
2581 7682
14269 28788
17385 17441
17747 12968
24917 13583
10132 20999
32754 22387
25872 16657
14314 15728
7510 2972
7271 32551
11529 9591
8268 7806
22583 3150
13092 22560
28391 16589
10839 1478
8177 23304
19108 30132
28179 15899
1483 23430
31552 12045
16522 15916
7739 21243
13515 1844
30309 22642
17436 5959
29140 20508
20063 1015
31140 30879
24771 25272
14482 450
20723 17707
12230 2770
6285 19107
3569 24644
1237 27362
31896 15515
3755 24099
22448 4236
28346 18014
874 5728
16883 32199
21584 13467
21050 11927
15761 29659
22366 6160
14745 3074
17487 9403
8421 19607
29835 13813
25366 25706
19930 18601
22084 19575
10811 22367
4244 23053
7710 7542
13 15408
28371 8109
13479 26683
19779 7657
4261 14794
10462 21042
21285 18902
11988 8446
12534 16674
18824 7858
28585 10710
13378 3686
14059 1130
30499 15848
3090 9158
24415 25348
11253 5288
18342 24067
14081 5189
17635 1394
25481 23091
2857 24357
10846 14726
7914 27259
8608 23866
9835 24546
31187 9169
28532 2462
20789 24124
32076 6599
20815 30207
13029 8593
19147 16017
27987 3537
17285 30209
8834 19644
10981 14559
22569 241
10347 27994
1786 26042
14475 27046
15900 18574
3004 22945
6874 15323
23500 10165
26781 26371
11126 27904
32023 6052
9270 11442
9410 30749
1628 24247
13193 3918
24416 3479
3524 28063
31349 2970
15722 11075
16224 815
26498 7102
29579 26254
13787 23204
4437 669
2301 5540
10669 14608
1631 14278
991 9685
22235 23025
28589 13231
10590 7344
32162 25633
19940 20277
4515 20109
31908 1951
967 6813
7559 4216
17257 31202
9183 20354
12411 25787
21078 2483
7964 7801
31524 10366
14701 17600
4230 25684
13217 28208
6507 30827
1620 7237
24176 17342
8990 1148
25358 31573
22375 29880
32530 20934
20861 22243
11342 14332
31715 6104
23695 6967
8941 30081
27599 17492
6281 30780
683 15439
19040 7044
32023 23046
32286 27085
10576 23871
10253 4015
29458 15085
4073 10823
20236 32431
14320 21723
31377 26010
14904 14780
25488 5688
4165 10865
19654 6608
30939 785
562 31464
28689 23793
12745 11529
28071 21631
15468 8642
23961 26222
4887 12015
1780 10260
29787 10812
21737 24336
7694 24036
13856 15407
18241 15039
1615 15761
30322 27515
13834 31751
2051 11561