10 50
5074 703
3803 8823
5271 9958
20621 445
3549 13956
28467 10946
16174 1202
25911 29821
10717 25668
3880 11653
25740 9886
15196 12673
18416 31946
23770 29407
22745 28359
25974 19657
4972 23843
2878 12628
31667 16588
32021 2043
5977 7459
19102 20557
13486 22610
860 23778
8945 28127
20759 14995
16335 12162
4481 6122
32295 2100
13081 16600
18960 30089
22864 678
28189 11071
3050 3118
24032 5399
30120 7755
2476 10979
30244 8334
8095 19169
2812 28211
24032 3655
21554 28499
23078 19487
14291 21083
25210 15957
26839 31164
23357 32015
21833 29156
15980 17468
16296 878
8227 14192
1932 13717
23648 6127
25996 21743
21002 8456
7776 21080
20274 32420
28995 3627
4760 4638
17819 25529