10 100
5659 1101
23175 25564
25580 23152
23941 19716
7149 29522
1073 25670
3210 15169
11238 17521
30370 20663
23073 5624
13870 26322
19009 9473
24100 11268
2187 7610
19355 2316
15985 25324
29743 19493
5140 13010
29607 5245
19207 3627
7381 4584
30294 5518
4542 27862
29639 20734
9979 27267
2655 5566
5727 8557
21032 32358
17626 21003
18738 10551
8093 14268
14808 12460
21631 26110
22084 4689
27040 1504
11574 30680
30796 1978
23552 5738
3874 7451
8662 6203
32629 3843
14404 17505
6642 17490
5376 22758
7811 3201
30946 19228
25460 656
28721 25136
30677 7231
10272 24578
17695 14721
15768 11316
29722 18478
26936 13698
6397 20472
11419 32081
27351 31392
25817 394
2607 27754
26192 30888
6887 206
1444 5136
13671 16240
12804 15521
29431 7506
1199 32141
6507 24136
27063 4455
10758 10925
17925 17789
22425 11605
16030 10087
10219 19906
1317 12512
17501 23195
19872 26069
15822 14425
20863 6332
18365 26692
986 18727
11949 31646
23290 20633
3534 18206
21275 20888
2009 27296
3696 7427
1852 282
13928 422
18807 3282
560 14860
14790 29646
1657 27796
24320 8332
12923 29127
24767 6900
7737 21737
26561 11659
3591 17102
23950 27369
20298 23280
20315 10093
21120 5822
30767 15151
9856 15158
13892 8246
14594 2229
28592 16620
97 7438
10820 2766
29344 15322