50 100
32447 1418
30788 21685
13256 7857
2139 26712
610 25514
5345 11323
2572 32720
21865 7473
15377 569
11206 19364
8193 19514
11297 24120
15457 18733
27465 10155
30626 21361
1865 21504
1360 27315
7744 28892
13196 8044
10093 21808
11452 22443
25226 11288
385 20757
20827 9987
3818 1066
28550 6933
5351 19658
7333 3529
4352 31735
27802 29915
12614 14044
21026 11621
29578 18190
22446 28232
17614 16403
23150 14797
13561 7713
31662 4748
4815 16935
15461 30605
1055 28434
30475 27566
28222 11337
11180 3140
17077 12665
21051 31493
1079 16280
10024 7974
6102 2852
9780 448
13942 7084
10117 18808
4737 17554
21237 6495
1500 6927
23984 22295
23578 3447
17918 7224
3312 32703
349 22257
31465 4412
20691 24051
2651 28589
12162 31626
9370 23420
3965 13325
31595 16705
22746 19321
8380 3208
24329 20057
18066 6100
16484 8681
15170 24036
25606 24442
30180 20532
2529 32536
18181 30407
8459 5483
412 15652
22617 10459
12351 4255
7471 25079
10903 13273
31894 6936
7954 27530
6799 4929
25815 26750
13224 18506
10751 4830
23756 15422
20994 6833
30047 10753
6255 29090
32651 27958
19425 4612
21204 8543
13614 14099
23795 15430
32481 27261
25825 10141
12523 2849
1074 7649
5269 12566
19108 20100
5305 4847
16376 3402
28210 20541
14336 4340
17553 17750
11514 1308
28433 19541
5148 29536
4558 3938
24688 18370
22321 20532
10210 29775
23983 18643
7832 30719
11699 2467
23681 19677
19416 30878
8497 359
15196 21985
2540 312
1234 26986
28160 20708
5398 15904
21848 16676
2182 3603
15695 23859
13935 17414
8130 6263
4294 13867
28777 32612
11289 32301
1127 28574
964 4723
6175 7005
20072 1188
26442 23574
30361 2406
2886 6232
3031 11628
5041 16628
16320 23471
3383 10592
17283 6395
27304 16221
6552 6318
1102 26072