100 20
001 007
001 008
001 010
001 012
001 015
001 016
002 003
002 004
002 005
002 006
002 008
002 010
002 011
002 013
002 015
002 016
002 018
002 019
003 004
003 005
003 008
003 011
003 012
003 014
003 015
003 016
003 017
003 019
004 007
004 008
004 009
004 010
004 012
004 014
004 015
004 017
004 018
004 020
005 006
005 007
005 009
005 011
005 013
005 015
005 016
005 017
006 007
006 008
006 009
006 011
006 012
006 013
006 014
006 016
006 017
006 019
007 008
007 009
007 011
007 012
007 013
007 016
007 017
007 019
008 009
008 013
008 019
009 010
009 012
009 013
009 016
009 020
010 014
010 016
010 017
010 020
011 012
011 013
011 014
011 016
011 019
011 020
012 013
012 015
012 017
012 019
013 014
013 015
013 018
013 020
014 015
014 016
014 017
015 019
015 020
016 020
017 018
017 019
018 019
019 020
001 811
002 600
003 838
004 893
005 983
006 329
007 353
008 370
009 245
010 795
011 609
012 253
013 648
014 433
015 536
016 209
017 265
018 498
019 244
020 650
