100 50
001 011
001 039
001 042
001 050
002 040
003 004
003 026
003 031
003 035
003 036
003 050
004 012
004 019
004 020
004 025
004 033
004 034
004 050
005 011
005 031
006 018
006 024
006 025
006 035
006 044
006 046
007 012
007 031
007 041
008 022
008 027
008 038
008 042
009 019
009 042
010 017
011 018
012 032
012 037
012 039
012 042
013 015
013 037
014 015
014 019
014 028
015 025
015 049
016 039
017 022
017 027
017 031
017 036
017 050
018 050
019 028
019 033
019 035
019 039
019 043
019 046
020 025
020 043
021 030
022 039
022 040
022 046
022 050
023 034
023 047
024 037
024 038
024 042
025 038
026 032
026 034
027 030
028 037
029 044
029 047
030 042
030 047
031 047
032 035
032 045
032 049
033 036
033 046
035 050
036 045
037 041
038 039
038 048
039 043
040 049
041 043
044 046
044 049
046 050
049 050
001 493
002 143
003 223
004 287
005 65
006 901
007 188
008 361
009 414
010 975
011 271
012 171
013 236
014 834
015 712
016 761
017 897
018 668
019 286
020 551
021 141
022 695
023 696
024 625
025 20
026 126
027 577
028 695
029 659
030 303
031 372
032 467
033 679
034 594
035 852
036 485
037 19
038 465
039 120
040 153
041 801
042 88
043 61
044 927
045 11
046 758
047 171
048 316
049 577
050 228
