48 46
001 023
001 034
001 035
002 043
002 046
003 016
003 020
004 009
005 010
006 009
006 010
006 016
006 043
009 012
010 014
010 021
011 014
011 025
012 038
013 019
013 028
013 046
015 041
016 039
017 020
018 037
018 040
020 032
021 045
022 025
022 031
023 036
023 045
024 033
024 046
025 029
028 043
029 037
032 036
032 039
033 035
033 046
034 044
035 037
035 039
036 039
039 043
040 043
001 128
002 91
003 417
004 559
005 799
006 925
007 457
008 621
009 534
010 146
011 244
012 419
013 963
014 782
015 856
016 321
017 103
018 877
019 647
020 544
021 234
022 330
023 937
024 564
025 228
026 856
027 886
028 290
029 663
030 823
031 628
032 981
033 843
034 434
035 133
036 63
037 162
038 350
039 277
040 39
041 998
042 333
043 475
044 638
045 959
046 292
